133	133
2093	133
3039	133
1033	133
1083	133
1531	133
1603	133
55	133
2009	133
1791	133
951	133
2396	133
345	842
1648	842
1254	842
726	388
3271	2916
2674	2916
2062	2916
2858	1471
2899	595
1285	728
403	728
1380	2341
2519	2341
2592	2341
1684	2341
432	109
469	109
2619	109
2373	934
2107	934
526	934
239	934
2609	2206
881	2206
908	2206
16	72
1557	1785
602	2111
1219	2111
705	1660
763	941
567	941
2604	941
989	350
179	2750
944	2632
1944	2003
1569	2003
131	1404
463	1004
1313	1004
2348	1004
1128	1004
2230	1004
359	1164
452	3118
1123	3118
3162	840
1174	1738
2822	1810
1618	2398
672	1193
2306	1193
2223	1151
1361	1056
1304	1056
397	577
2891	577
317	577
1154	18
2646	1125
1757	1945
2160	1945
654	1945
2460	1945
904	65
446	515
2517	515
2065	515
1527	515
3106	515
1032	515
1504	29
485	29
2600	341
872	341
2291	341
1275	3271
889	3271
3159	2793
3010	3256
130	2302
2155	2302
1657	2302
2122	2122
820	2122
1366	1671
2135	1671
83	670
1574	1574
734	3083
1579	2933
3206	2933
2487	2933
1519	2933
293	2933
2779	2933
3049	2933
929	225
372	3188
871	3188
2155	3188
1657	3188
1110	736
488	488
261	1255
1074	1255
512	1255
1965	1255
2302	130
1657	130
3253	1432
2478	746
2558	746
1561	746
87	746
103	746
826	2137
3051	2137
1534	1156
1729	2982
1703	2982
2559	2982
1814	2982
2862	2982
2679	2982
2808	2982
3195	2982
1061	3012
3059	3012
1146	3012
2304	3012
1852	3012
1702	3012
1684	3012
679	162
2500	162
1540	162
293	162
1657	162
1368	162
2418	2693
2298	2693
1002	1025
6	964
166	964
50	50
2129	2791
2534	2791
1483	1863
3142	1863
411	1863
896	1532
1352	1532
2317	919
497	919
3159	1172
2365	2047
1091	2047
119	2047
93	2797
1361	1464
2421	355
754	754
3120	754
3250	1248
269	1248
948	1248
2534	1099
1418	859
666	2156
67	2156
2373	2494
1684	2494
1268	998
1983	998
109	432
469	432
2619	432
1239	2146
3118	1690
877	1770
1095	283
1888	2760
1442	2073
342	2073
1006	129
1848	129
1523	129
2254	129
1185	129
837	129
86	129
715	129
1446	331
1263	1263
1175	3259
3273	3259
1318	3259
3176	3095
1332	3095
1296	2217
2227	2217
386	2217
445	2217
2473	2217
2929	2217
2252	1402
1136	2181
497	2181
2212	999
1489	1801
1059	520
588	520
895	520
980	520
2219	520
639	314
2583	314
1794	1811
2912	2676
193	1823
1280	2025
1246	2538
2365	2538
1091	2538
119	2538
1624	2613
2373	774
1894	774
1866	633
1149	1149
2316	155
505	155
321	155
581	155
2356	155
3107	155
2762	183
66	183
2513	183
1181	1808
3224	1808
1697	1697
626	1697
2373	2378
659	1951
2260	1186
992	1186
2192	1186
2737	1186
345	1186
1075	1186
3013	1186
1530	2246
3091	1467
91	1467
953	1467
2587	1467
873	1467
1258	1467
1569	1467
3308	1467
447	2052
1140	888
2584	888
2145	888
161	888
1255	38
953	38
457	38
2445	38
2046	38
3273	38
1152	38
1455	38
920	38
1651	38
1648	38
2412	38
1074	38
598	38
2190	38
1320	447
871	372
1618	2370
2001	871
2636	871
581	1674
1739	1674
2877	1674
2745	1674
173	1674
881	1674
2240	1233
3181	1233
2529	1233
3281	1233
422	1233
757	1233
1835	2337
391	2479
1955	2479
596	2479
196	1046
800	1046
3273	2408
2065	1908
2482	418
1656	418
704	704
582	704
2650	704
2107	704
526	704
354	704
2203	704
239	704
3077	258
1082	258
1826	258
2426	258
173	258
512	258
1966	258
3309	2567
1728	2567
689	2567
237	1542
2132	47
2373	1202
2778	632
2380	632
1579	3099
3206	3099
2487	3099
1415	3099
401	401
1584	401
1774	2997
45	539
1187	539
1499	539
1929	539
1485	539
1903	539
512	539
978	2912
623	2465
2925	1412
1819	1412
246	1176
524	3102
712	3102
770	3102
1454	3102
2158	3102
2112	3102
2231	3102
69	937
1024	2101
600	823
2649	823
2860	2860
1472	397
52	397
2714	3079
1893	968
544	968
352	968
1585	968
2397	968
2339	968
2133	968
2264	968
887	968
1297	2106
3275	2106
3198	335
1546	2109
1361	2109
2329	3113
118	1103
2489	1103
653	653
3233	653
1000	684
2506	3220
2311	3220
1382	1302
1871	1302
617	1669
1276	1669
2597	1669
2095	1579
2487	1579
742	1579
2925	2130
1819	2130
602	2685
1219	2685
194	2761
2764	472
10	472
985	472
3164	2906
1354	566
1793	535
2939	535
2737	2260
2189	2081
100	982
264	982
79	982
1316	982
216	2035
2404	2035
710	2035
117	2035
1235	2035
2532	2035
2856	2035
2883	2883
1561	2932
87	2932
1611	3193
3176	3193
3185	3274
2789	3274
180	180
1110	180
1701	1668
455	1668
970	1668
2605	1668
291	1668
2135	1366
3276	1366
148	2441
3008	2441
679	2539
896	2539
1443	2539
1519	2539
1415	2539
293	2539
2779	2539
3049	2539
231	2539
3077	171
2089	171
173	171
974	3060
2872	2865
914	2865
2921	560
154	560
540	1457
1566	3041
2952	3041
2877	3041
3311	3041
1453	1832
1870	1060
1574	3248
272	2900
1061	2900
3059	2900
1852	2900
2033	1693
1254	1335
605	1335
933	1715
48	2941
2230	1313
306	452
147	452
3117	452
1764	452
61	1988
992	1849
2192	1849
874	1849
3	1468
114	2641
3238	1806
2229	3009
1938	1938
1790	1938
216	1059
2404	1059
2532	1059
265	2478
59	2478
516	781
533	189
351	1614
480	1614
3262	2780
317	196
2808	2128
2329	2128
1639	587
23	2014
276	525
1648	525
3023	662
752	2790
1669	2790
2514	821
1982	821
2596	2868
2721	2868
2003	360
539	360
1133	360
261	360
1226	360
2609	360
2568	360
1903	360
512	360
1965	360
832	942
602	602
1219	602
2940	1411
2643	1411
1324	1411
1101	1411
2373	75
1400	75
1484	75
2955	75
54	75
1737	75
2668	75
983	75
766	2315
2309	2315
1645	957
101	957
1644	847
1426	1799
1082	2082
2740	2082
173	2082
2947	1231
333	1231
1160	1231
369	2855
2641	2855
2666	1758
507	2044
1969	2044
2435	2044
2568	2044
2656	2044
1603	2044
974	2044
682	2044
234	2044
2956	2044
912	1155
3063	1054
1667	799
1769	799
337	799
57	57
2856	57
256	649
61	2934
1716	2934
465	2934
1074	2934
565	2934
1509	2934
1221	2934
3048	2546
693	2546
769	769
1804	769
2502	769
991	1642
1568	1642
326	1594
3019	971
2909	971
3157	562
2513	562
2482	2482
1656	2482
873	3042
158	3042
3218	1686
2547	1259
1999	2129
2310	2129
1148	2129
2972	2129
1081	2129
572	477
2850	2850
1183	1522
2095	3206
2487	3206
742	3206
1551	322
1226	1694
298	1694
1305	1694
1250	1694
986	1694
165	359
885	1707
2083	1707
1930	2293
857	2293
1004	2348
463	2348
1313	2348
2230	2348
274	274
2233	274
582	630
1374	2093
2543	2093
2929	2093
342	1786
622	1137
599	1137
1746	1122
1747	636
192	636
3086	530
963	3189
2346	3189
2105	2842
2045	2842
814	2842
2915	2842
3205	2091
1899	2280
874	2192
3077	2192
1884	1604
1919	1604
733	550
3238	2919
2979	2919
2191	2919
1078	1168
589	1996
1986	1996
2951	443
612	2287
1826	2324
2768	1963
2773	1224
2362	1224
1710	3296
1137	835
2882	835
1764	2013
731	2013
1751	150
2617	3091
2229	3091
911	3091
3174	3134
1236	3126
1701	268
455	268
970	268
2605	268
291	268
2828	554
1348	2316
1211	1211
2384	1640
1108	1337
1301	2297
2338	2297
3144	2297
2556	1218
1557	2058
777	1780
2713	1975
3223	538
2373	1580
1821	1821
1929	2550
2840	2550
86	2550
1143	2550
447	2177
1320	2177
1407	2177
2996	2177
1341	3199
1787	2077
2456	2077
2789	2077
2318	156
2061	156
199	156
2229	156
2811	156
398	2663
356	2914
664	664
2889	1942
844	1859
214	1859
3026	1859
856	1859
3148	2188
1607	2286
505	2193
1178	2193
581	2193
2226	2193
1662	2240
1187	1301
2736	1301
2134	294
620	294
811	1914
866	1914
1489	1914
3069	1914
2884	2373
1684	2373
794	2973
2967	2967
866	2716
2373	1726
983	1726
2973	1330
524	1330
2440	1330
794	1330
697	892
2633	536
2447	1536
2564	524
772	2379
1477	1477
2612	1477
1477	2707
2612	2707
2426	61
474	116
896	896
1698	1698
2139	2534
521	2534
492	2534
291	455
3063	3063
1032	446
916	1351
3034	2453
30	763
2929	92
1661	2717
1658	2361
2620	1813
2376	1813
1871	1336
1845	1336
3068	1336
19	1336
2834	2345
2441	517
2129	517
2589	517
2919	3228
1612	3228
1531	3228
850	2889
492	1267
2914	2411
2989	37
1074	1459
1549	1459
2136	1583
1194	2334
2800	797
349	797
1995	797
447	1323
953	1323
3086	1323
2445	1323
710	1323
2587	1323
2426	1323
1651	1323
1074	1323
3140	1323
1258	1323
3252	3252
964	3036
977	3036
2312	3036
1288	3036
281	3036
992	140
2737	140
2787	140
559	140
1874	140
914	140
353	140
2824	140
173	140
1011	140
2263	140
987	140
2729	140
2799	1170
2354	2354
2867	1003
1824	1688
3074	2416
2848	2719
3153	1525
2407	1525
1053	2688
3238	945
2979	945
2191	945
1405	2517
3117	1257
2341	490
2577	490
1599	490
1287	1287
1964	1287
485	1287
1466	1018
3173	3229
2503	247
2074	464
2343	464
706	464
1110	456
1857	456
363	2031
1988	657
2379	657
3019	657
2046	657
2909	657
1903	657
2346	657
1648	657
1316	657
836	657
3249	1934
2976	1934
2003	3202
3214	3202
596	2085
925	2767
524	936
712	936
770	936
1454	936
2158	936
2112	936
2231	936
1503	767
2286	1334
1607	1334
2749	1028
1625	1028
2244	1414
2454	1985
1342	1985
898	1985
1591	1969
2387	1969
234	1969
2696	668
2577	2326
507	568
2634	568
362	568
1675	568
2042	568
1447	568
2259	568
2829	568
445	568
3219	568
682	568
1120	568
2681	568
1374	3128
1369	3128
2199	528
1059	297
509	297
1679	297
2709	297
1588	297
1293	297
895	297
2219	297
1988	809
2934	809
61	809
2445	809
445	809
1648	809
1245	809
959	809
3291	809
1735	2759
853	2759
865	1733
403	1733
2825	1733
1561	2969
1446	205
1623	2173
1846	1008
86	1008
3242	1687
163	200
2623	200
2127	200
1361	1602
3164	243
55	1763
1133	2435
1969	2435
1291	2435
1929	2435
2532	2435
223	2435
1130	2435
853	1735
2367	1223
2744	1223
2003	1326
1744	1326
463	2958
1313	2958
2733	2958
1257	2958
1428	2958
1186	1924
992	1924
2192	1924
2737	1924
2787	1924
345	1924
1185	1924
2740	1924
173	1924
1092	1924
3013	1924
2729	1924
1059	1179
509	1179
2904	1179
2336	1179
1390	1179
2201	1179
895	1179
223	1179
2219	1179
1855	1179
168	1179
45	1226
1187	1226
1499	1226
1929	1226
1485	1226
1903	1226
512	1226
2861	2495
147	2495
2392	2495
227	2495
2459	2495
181	2495
967	1465
910	1465
3094	1465
2994	49
1152	457
1549	457
596	387
3072	1548
1566	267
2952	267
2877	267
3311	267
1102	1102
1330	34
600	34
2951	34
706	34
650	2818
2600	275
132	275
2892	1906
492	1906
568	338
362	338
946	2931
1648	2931
564	1291
671	1291
584	1291
2404	1291
2875	1291
173	1291
1244	1291
975	1676
2121	1676
232	1676
782	1676
3301	2039
871	2695
2826	2695
2078	1329
1551	1551
704	431
1799	431
431	431
1402	24
2281	24
3225	24
1598	24
1628	24
609	24
1290	24
3308	24
284	810
2831	570
3121	570
2388	1138
1734	1138
1345	407
1813	1055
2245	1055
2020	1055
3094	1979
1416	1967
2363	1967
918	1967
3139	1967
109	259
432	259
2619	259
1052	259
2017	738
2717	738
3182	738
1648	290
1443	1389
1843	1389
556	1389
2065	1389
951	1389
1849	1234
2737	1234
61	1234
345	1234
1716	1234
671	1234
2361	1234
1192	1234
2783	1234
2452	1234
2404	1234
2875	1234
2043	1234
117	1234
1831	1234
2709	1234
2532	1234
656	1234
19	1234
2290	1234
2387	1234
980	1234
2824	1234
299	1234
7	1234
2292	1234
1491	1234
2718	1234
768	2072
2848	641
329	641
375	988
1793	988
981	988
2816	988
2368	988
2939	988
179	1346
915	719
1685	719
228	719
2587	719
307	719
1656	1139
2800	2948
349	2948
1995	2948
2835	2948
3017	2948
185	2948
1557	2948
1648	2948
506	2948
598	2948
1305	1305
520	1803
1059	1803
895	1803
2930	1803
1307	1063
1630	1063
759	1063
2814	1063
1269	1063
2427	1063
2195	833
2052	2996
1320	2996
2909	2827
1299	2827
305	2827
2395	2798
3022	2798
2634	2445
1296	2445
208	2445
1068	2445
1591	2445
979	2445
234	2445
1870	2445
1132	2486
3305	3080
246	3080
1411	2650
906	2650
252	2650
96	2545
3099	1514
1415	1514
1754	410
325	3280
830	2144
841	2845
1493	2189
2373	1970
1933	2756
239	2756
600	2125
278	909
2178	1742
406	2403
2567	2757
2917	2757
2891	149
149	149
1372	123
2537	2852
923	2089
710	2089
7	2089
31	2089
875	2089
3077	1848
601	1848
473	1158
263	263
1557	263
77	1958
2479	2533
2085	2533
1516	2533
387	2533
1518	2533
1486	2533
1492	2533
259	2533
2742	2533
1505	2533
1601	2533
658	2533
2788	2533
242	2533
932	2533
2703	2533
1451	2533
1209	2533
3306	2533
1778	2533
949	2533
532	1748
1601	2255
2800	1022
349	1022
1995	1022
2964	2253
2197	2670
1960	3270
1361	3129
1304	3129
1370	2968
1657	2968
1611	3176
430	828
737	828
2171	2727
2120	2121
975	2121
1676	2121
232	2121
782	2121
3052	935
1260	362
1463	362
1260	1463
1359	2648
2725	2648
1792	2648
2787	2648
30	2648
1273	2648
448	2648
2602	2926
2602	2844
2602	2032
429	315
2247	1169
1959	807
685	807
807	442
2035	1232
1235	1232
2856	1232
2410	2149
3115	3115
1731	1343
2248	2748
3140	803
2680	2313
2367	2313
2007	2313
638	2313
735	2313
430	460
876	460
1756	460
280	1212
2470	1620
1673	1620
2374	1620
2808	1620
1625	1564
1653	2762
66	2762
2475	1057
2715	1057
1795	3084
1670	1922
2507	468
1024	468
2320	468
2389	468
1531	468
2383	320
441	73
3301	3196
2897	471
1477	761
2612	761
967	2612
910	2612
2604	2612
2843	2612
3094	2612
1607	1413
463	2792
1313	2792
2348	2792
851	2792
1482	2792
1007	2792
1865	2792
1530	1273
2497	2938
169	219
1833	2038
2459	2038
3052	3180
2856	3180
2749	703
115	1521
783	1521
1872	115
1937	1937
1884	1012
2515	1012
2798	1196
2395	1196
2947	2599
333	2599
526	2107
1055	1198
2245	1198
1907	182
2647	182
1059	1228
509	1228
2904	1228
2336	1228
1390	1228
2201	1228
895	1228
223	1228
2219	1228
1855	1228
168	1228
3239	1043
863	3032
2079	3032
3262	3032
3224	3032
3144	2338
2990	2335
1771	2335
314	513
2583	513
41	513
1361	759
2107	377
526	377
1684	77
2012	2752
484	2752
574	1490
1898	324
1759	324
82	324
1586	324
2565	1586
1466	2010
1670	1344
1205	2521
693	956
2212	2308
8	1084
506	927
1321	2022
2804	518
2423	518
2347	721
2347	1675
2390	694
1336	1845
3148	1360
254	2360
522	1408
1362	3191
1712	1038
208	1038
3040	1038
2033	1038
208	1895
611	1895
2492	3073
1116	3254
1402	1554
95	1554
1252	1554
2283	1554
24	1554
241	1554
353	1554
784	1554
609	1554
892	1769
1899	1769
1076	1769
3105	1769
1813	2183
3289	2183
1920	2183
503	665
2705	665
665	2711
74	2711
2472	1838
1570	241
353	241
3225	785
9	785
1634	785
2740	785
2269	910
137	3269
1718	779
1171	2886
2696	221
1020	221
2391	221
92	1020
2955	1020
1669	2391
503	2391
665	2391
2711	2391
2705	2391
1020	2391
3265	2391
1994	2391
74	2391
3275	2391
2404	216
1994	651
2606	651
651	3265
651	1994
3265	1994
1994	1994
2392	1743
2960	2960
2847	2847
2960	233
1664	1664
2409	1217
3276	943
2877	2952
1085	1085
2035	827
1133	827
2361	827
880	827
2608	827
923	827
824	827
2671	827
2089	827
216	827
1952	827
2768	827
2043	827
117	827
1235	827
1831	827
125	827
2532	827
368	827
578	827
1215	827
1606	827
2387	827
173	827
20	827
3092	827
1395	827
7	827
411	827
31	827
748	827
875	827
1119	827
2171	1952
81	1373
2506	1373
3293	2863
1181	2863
1007	2863
1729	1950
1703	1950
2559	1950
1814	1950
2862	1950
2679	1950
2808	1950
3195	1950
1180	2755
2368	1558
3083	1802
1060	1802
3202	1802
1890	1802
292	1802
1686	3218
1005	3218
1686	1005
3218	1005
2248	1766
3006	1766
177	3097
2147	2765
3031	838
2765	838
3264	838
479	838
3140	3257
867	3257
1657	1126
1110	1126
1059	3047
509	3047
1679	3047
2709	3047
1588	3047
895	3047
2219	3047
2930	3047
612	3123
564	1917
36	1917
923	1917
1969	1917
2005	1917
1485	1917
2875	1917
2626	1917
979	1917
564	2005
1485	2005
2875	2005
3027	248
2269	3221
3289	3221
253	841
636	2024
1747	2024
1449	2024
2473	2024
3215	2157
2107	2399
526	2399
2999	444
47	1605
2132	1605
1887	1605
1440	1605
1359	1333
87	1333
1383	913
858	913
209	913
1014	1014
390	11
1934	621
2976	621
2464	1936
1216	2654
2654	1216
1349	1216
2460	2160
2794	3061
2441	1282
302	1282
1282	1282
1640	1033
1288	1033
1328	1033
2438	1033
924	1033
3157	1619
2243	3214
1135	707
1227	707
1938	1094
1094	1094
1790	1094
707	1790
1135	1790
1881	1790
1135	1881
1881	1227
2191	3238
2919	2979
1612	2979
1531	2979
1531	1612
1691	1312
2517	792
198	792
2517	198
1283	198
2517	1504
3295	1504
494	1504
1964	1504
1909	2747
3175	111
1592	111
961	111
2985	886
2702	886
257	886
1592	886
2951	886
700	886
1768	886
1613	886
167	191
3177	191
486	191
129	191
1186	191
2035	191
992	191
171	191
13	191
2082	191
564	191
1421	191
1133	191
2737	191
585	191
1399	191
345	191
1716	191
1913	191
1072	191
2361	191
874	191
3077	191
1187	191
94	191
1789	191
1632	191
802	191
3124	191
768	191
880	191
2608	191
2864	191
824	191
2616	191
2671	191
1848	191
2783	191
1232	191
2452	191
216	191
2404	191
1085	191
2768	191
2004	191
3130	191
1485	191
2875	191
1434	191
2254	191
1752	191
2043	191
117	191
1235	191
1831	191
125	191
1068	191
2918	191
2532	191
368	191
578	191
1215	191
1606	191
1948	191
2426	191
3018	191
2856	191
1243	191
2740	191
2962	191
86	191
1143	191
2387	191
342	191
2824	191
173	191
1931	191
3103	191
20	191
1201	191
3092	191
299	191
2037	191
2541	191
98	191
7	191
1617	191
2087	191
2488	191
1870	191
31	191
2775	191
2501	191
1244	191
715	191
2902	191
748	191
1812	191
2729	191
652	2004
2768	2004
581	2227
3131	2227
1662	2879
2816	3044
1793	981
988	981
2816	981
1374	981
2939	981
1793	2816
2939	2816
1884	1919
1069	1141
26	1141
3106	1641
2763	1538
370	370
1301	2736
1458	1923
1681	990
3028	2578
1115	2578
2578	2015
3028	2015
1115	2015
1115	1732
2015	1342
1732	1342
1115	1342
3203	1115
3216	386
2775	1375
2378	1943
1202	1943
2577	1943
3209	1943
2373	1943
2326	1943
1380	1943
3190	1943
1684	1943
2532	1311
2664	1066
220	1842
289	1782
389	1782
3258	1782
1169	1782
1454	1782
3169	1782
2247	1782
2406	1782
2981	2771
2470	1086
2512	1013
1760	1393
417	1393
171	3130
2497	2468
416	2468
1330	2468
524	2468
2056	2468
2705	2468
600	2468
2440	2468
3173	2468
1750	2468
1271	2468
2440	2570
2384	2570
2973	600
524	600
2440	600
794	600
34	1210
1217	1210
768	1825
829	2817
3194	918
1400	2955
1484	54
1186	559
2260	559
992	559
2192	559
2737	559
345	559
1679	559
1185	559
914	559
1075	559
1011	559
1	559
3013	559
75	2700
2929	2874
1477	378
2707	378
1400	378
967	378
761	378
2612	378
2873	378
3045	378
2259	2042
2259	1447
3116	435
2726	1242
3203	1999
2387	3300
2963	1124
2931	1124
2255	1124
1022	1124
2253	1124
76	1124
2417	1124
240	1124
2139	1124
1648	1124
1022	76
2253	76
148	76
1648	1990
1348	321
2947	3138
1503	3138
333	3138
1361	2059
2017	2894
2717	2894
1023	2894
217	2894
3182	2894
1042	1107
977	2239
281	2239
444	2999
70	1355
70	2349
1837	48
430	1837
3230	1837
2744	2367
3046	2367
3046	2744
1912	775
2941	2669
1504	3295
1892	3295
1649	1649
3144	1146
699	2795
2008	2795
710	262
2532	262
2037	262
923	710
2035	3290
171	3290
564	3290
2361	3290
1789	3290
2608	3290
824	3290
2671	3290
2089	3290
3180	3290
216	3290
827	3290
1952	3290
2768	3290
3130	3290
710	3290
1485	3290
2875	3290
1235	3290
1831	3290
125	3290
2532	3290
368	3290
1215	3290
2856	3290
86	3290
1143	3290
342	3290
173	3290
1201	3290
1946	3290
187	3290
31	3290
962	3290
1119	3290
3177	2303
2373	3011
2123	3011
2399	3011
1386	3011
3273	3011
2224	3011
52	3011
2805	3011
265	3011
2884	3011
2501	3011
59	3011
1800	251
1818	251
2129	989
2534	989
1435	989
2589	989
2937	989
1887	1513
353	1167
2737	1284
2872	2872
914	2872
2430	637
1408	1049
2020	1049
2029	1049
3131	1049
1383	1027
564	1485
1698	3263
2399	3263
330	3263
2224	3263
52	3263
2923	3263
883	3263
564	2875
1679	2875
1485	2875
2166	3088
597	3088
2294	201
1793	201
90	201
1803	201
3017	201
98	201
2939	201
2242	201
960	201
2474	201
2131	1511
2384	357
675	3161
2091	2511
783	2511
1061	1358
2123	1358
3059	1358
1916	1358
2123	1916
1358	1916
1916	1916
1386	1916
2304	1916
1061	2304
3059	2304
2304	2304
1324	860
1101	860
3001	1434
2180	1434
543	1434
1101	1434
1244	1434
2328	2328
771	2237
2789	771
1961	2665
1288	2312
317	2803
163	2127
1524	3058
1925	1403
483	1403
36	1925
2877	1925
1245	1925
592	1787
1109	655
1787	655
3210	791
1689	1673
3	1673
2808	1673
244	2723
261	2723
2187	2723
512	2723
1533	1533
585	1752
3242	2592
2519	2592
2471	2839
1065	2839
3155	2444
2426	686
173	686
2297	2568
1716	2568
568	2568
445	2568
908	2568
1911	2568
2956	2568
520	2656
1059	2656
2219	2656
2361	2043
512	2043
567	567
415	567
1844	567
3040	611
903	2113
1365	2113
815	815
106	3055
2098	2098
2134	2134
620	2134
294	135
2134	135
620	135
914	1185
1075	1185
173	1185
3259	3178
1467	3178
38	3178
447	3178
1320	3178
1407	3178
2634	3178
1296	3178
208	3178
1323	3178
1969	3178
2435	3178
1179	3178
457	3178
1291	3178
719	3178
1228	3178
1068	3178
1552	3178
1591	3178
285	3178
2829	3178
1455	3178
173	3178
1648	3178
979	3178
2988	3178
234	3178
1870	3178
416	805
1418	805
2124	2221
19	2221
2877	2221
2745	2221
2142	3156
2942	3156
399	3156
2942	399
3143	3297
3297	3143
3246	3246
3246	1841
3186	1841
3057	2657
1021	1427
2835	1479
374	453
1558	453
2433	453
1093	453
1361	2561
563	2186
1478	3197
1871	2071
759	2071
3068	2071
291	2071
1248	366
1853	366
1623	619
102	619
1199	619
2035	1235
2035	1831
1235	1831
173	1831
1147	750
2035	125
1716	125
652	125
2608	125
824	125
2671	125
216	125
1235	125
2532	125
1215	125
2856	125
1201	125
3092	125
299	125
1119	125
344	2007
864	2268
958	2268
2331	2644
1763	2644
2436	2644
1189	579
1176	579
2331	579
1763	579
2590	579
2728	579
2644	579
579	579
2630	579
1764	579
825	579
2802	579
138	579
2436	579
1721	579
2504	579
246	579
1474	206
2469	2992
1145	3066
176	3066
409	3066
1431	1144
858	2853
438	334
1117	2498
3169	2724
2724	56
2564	56
2684	644
186	644
720	644
1500	644
3035	644
1644	644
519	644
28	644
2193	2151
505	2151
581	2151
416	2090
1418	1425
2424	1191
2677	2922
3117	2950
2154	973
2930	2709
509	1588
2709	1588
1483	1588
187	1588
2930	1588
693	1861
1557	327
671	1068
1003	3067
2867	3067
315	3067
603	3067
2954	3067
2653	3067
1547	3067
3043	3200
1467	2801
2441	2801
1059	2801
525	2801
517	2801
276	2801
1998	2801
1648	2801
1488	1892
3279	1892
3081	1892
2385	1892
480	1892
440	2918
389	854
739	854
1068	1552
2829	1552
468	1531
2979	1531
1361	1531
175	2285
3238	2285
2511	2774
1388	1708
923	368
1929	368
1215	368
2387	368
962	368
1781	984
492	984
2103	2211
2929	3054
2241	96
391	596
2085	2742
2364	855
1813	141
1991	2249
20	2249
1186	727
992	727
2192	727
2737	727
2787	727
345	727
24	727
1554	727
241	727
1185	727
1991	727
2740	727
173	727
1092	727
3013	727
987	727
2729	727
1160	2147
2480	751
1826	751
3040	2033
1693	1854
2998	1854
2472	1854
1693	2472
2830	1222
2215	3255
2935	2607
2607	63
2935	63
1559	39
340	702
372	552
871	552
2636	552
1540	552
1646	552
800	552
787	552
979	894
2834	2220
1187	578
2322	578
3166	2548
2597	1327
3276	1629
3264	3016
3109	2565
656	1215
2772	2772
473	1593
2040	1635
2694	2605
970	2605
308	308
1750	1822
99	1009
629	3211
1666	3211
2384	3211
2030	2030
276	2030
1648	2030
1648	276
1030	2458
1815	352
2257	2731
623	2731
709	2731
2662	1722
81	901
2506	901
2691	330
2888	1106
2080	1100
498	1100
2156	1377
1035	1300
2001	1540
2213	514
895	514
729	1976
534	1976
120	2903
2302	819
130	819
2968	819
2903	819
2806	2806
1772	1840
2049	1292
2387	400
2634	2625
2987	2625
3273	2625
1829	2625
1318	2625
16	2402
718	1177
1208	1817
1817	1817
862	1253
2659	2659
567	415
2655	607
2784	1836
3101	2603
1041	2603
1774	2603
2044	1874
2568	1874
951	615
1896	2342
1394	2690
2918	1591
440	1795
1251	1206
777	1206
1997	2581
1418	2581
384	2581
3204	647
1464	1314
114	1314
1464	1261
810	1261
284	1261
1568	991
671	2840
2608	2840
824	2840
2671	2840
2531	2840
2426	2840
656	2840
173	2840
2184	3065
342	3065
1335	1495
3057	1495
265	1376
59	1376
2805	1449
265	1449
2884	1449
507	663
666	663
397	663
684	663
2478	663
663	663
2558	663
1561	663
87	663
103	663
896	293
1576	293
2779	293
818	1040
2006	1040
2837	1040
561	1040
2333	1040
978	1040
818	561
49	561
2837	561
1040	561
1460	561
1142	1182
139	1616
2929	1456
3247	3033
2574	504
804	504
2387	504
3140	504
2980	504
1556	504
171	646
2737	646
559	646
1185	646
255	646
197	646
2729	646
30	255
1354	1494
2170	285
2866	285
2043	285
1966	285
3282	1567
2162	724
1945	654
2160	654
2835	676
1715	489
1400	489
2516	489
1147	489
2955	489
1265	489
933	489
1846	1846
895	1846
1143	1846
604	669
892	1899
3098	85
2887	85
1992	85
2406	85
61	2829
40	2829
506	2829
1870	2829
1685	228
2587	228
2587	1293
446	3267
2204	660
806	2710
1381	2649
3	152
2479	3038
391	3038
2085	3038
387	3038
596	3038
2742	3038
2642	3038
932	3038
2703	3038
188	2490
880	2490
173	2490
3077	2531
1798	2531
2426	2531
173	2531
601	2531
2866	2426
1966	2426
188	9
1929	9
1798	9
2531	9
173	9
1798	1634
2668	2668
1887	3299
2101	1887
3056	1887
244	1152
801	222
2300	222
2187	68
476	2432
938	2432
1779	3127
15	3127
1074	2450
3140	2450
1258	2450
2591	296
1327	296
549	2583
477	2455
261	2455
2187	2455
2412	2455
512	2455
572	2455
428	249
1390	2201
2055	869
94	2586
446	142
3045	1297
3275	1297
1727	1727
1014	2921
430	379
737	379
1756	379
2517	2951
1283	2951
198	2951
1907	1805
2117	1805
182	1805
2068	1805
2833	1805
1907	2683
2647	2683
182	2683
3078	547
1903	1309
1566	1442
465	1442
2952	1442
2877	1442
1509	1442
1221	1442
109	2667
413	2667
2619	2667
1680	510
1031	1462
2002	2536
2175	2536
2929	179
1748	1971
2253	1971
1807	12
976	12
318	12
2105	3286
2045	3286
814	3286
2915	3286
2732	1364
226	1364
2716	226
508	688
2860	433
2031	2604
363	2604
1844	2604
470	1507
2687	1610
2373	1324
2955	1324
1737	1324
2885	863
3284	127
2821	127
505	581
1672	2194
126	2194
729	466
2399	466
3263	466
2923	466
1852	466
2977	1723
2102	2953
2672	2953
2730	2953
2434	1784
46	46
402	2477
1351	1098
2090	1098
1928	1928
955	1928
1274	1928
2467	1928
955	1112
1399	843
2452	843
837	843
2935	2493
1764	2508
731	2508
1189	2417
138	2417
2828	2314
1655	1869
2551	1869
25	209
1303	209
2727	134
1239	64
2025	2746
3247	677
705	1455
397	3201
466	3201
2558	3201
977	1288
2321	1328
1003	2653
2867	2653
631	3020
1696	1067
2722	2993
1775	2898
1394	1422
2924	921
1901	2057
2222	2222
139	905
1587	1973
1781	229
1589	907
2361	1243
2823	1243
2946	1243
1393	1243
2552	1243
2856	1243
1658	1243
3092	1243
2087	1243
1244	1243
2437	993
1477	2843
2707	2843
967	2843
761	2843
2612	2843
2873	2843
1749	2843
2043	1944
512	1944
1965	1944
3085	434
3244	434
1294	635
2470	1703
3137	2559
1703	2559
14	2618
529	1157
2248	2871
3101	2785
892	2785
421	2785
1106	2785
2871	2785
2018	449
1864	449
1724	449
1900	449
2526	449
885	449
2317	497
1136	497
1999	497
2597	1438
2436	2270
260	2016
1763	2016
1764	2016
142	2016
1721	2016
2504	2016
938	2016
2270	2277
1721	2277
2031	273
1979	273
2620	273
910	273
378	273
581	273
849	273
522	273
1667	2890
1206	2890
2145	2890
817	367
69	145
254	145
2963	240
1022	240
2253	240
76	240
946	240
167	1991
2035	1991
1849	1991
1235	1991
1798	1991
2490	1991
2531	1991
9	1991
1634	1991
19	1991
86	1991
2824	1991
1011	1991
2594	1991
2635	1991
412	1991
1424	1991
987	1991
2729	1991
1283	1429
122	2740
2228	2740
1249	2704
146	2442
71	2442
1036	1108
1108	1036
2557	2734
2112	266
1850	266
1850	2112
2112	1850
1850	1850
2112	2782
1850	2782
2231	2782
788	2231
1850	2231
3060	1050
974	1050
2	3093
892	1076
1769	1076
624	121
910	1391
2269	1391
1391	1391
3289	1391
781	650
1956	650
3258	650
1732	650
1454	650
2724	650
644	650
266	650
516	650
28	650
279	650
2595	650
634	650
1271	650
1625	650
1880	1150
23	1150
2014	1150
1150	1150
153	1150
1150	153
153	153
708	153
114	1502
1695	1935
1860	1631
2738	1631
2456	1631
45	1903
3287	1595
931	1595
1380	1599
2519	1599
2592	1599
1684	1599
811	2892
866	2892
1489	2892
3069	2892
478	1643
1203	1643
2920	1203
153	1203
202	461
461	202
3243	773
1957	773
977	166
2321	166
1951	658
2479	658
413	658
2085	658
387	658
1518	658
596	658
2742	658
3038	658
1505	658
2667	658
658	658
2642	658
932	658
2703	658
745	658
3038	2788
658	2788
745	2788
432	242
1480	242
659	242
2085	2642
387	2642
932	2642
2703	2642
2085	932
387	932
596	932
2642	932
2085	2703
387	2703
932	2703
3154	1744
1477	1777
2707	1777
967	1777
761	1777
2612	1777
2873	1777
1456	1777
1079	1553
2290	1658
1658	2290
1443	1476
247	1476
2119	1476
632	2754
1213	2754
452	2754
2733	2754
538	2754
1409	2754
3117	2754
1763	2754
2844	2754
2032	2754
2183	2754
1476	2754
1482	2754
1123	2754
1711	2754
1680	2754
2210	2754
2681	2754
3223	2754
1058	2754
89	2754
3145	2754
2331	1204
1763	1204
2270	1204
246	1204
953	920
920	920
3142	920
157	920
1499	3298
953	1651
1798	1651
2587	1651
1648	1651
1563	1651
1569	1651
3308	1651
2615	1651
732	2114
940	2114
1285	643
2144	643
1709	643
3003	1964
2003	1051
536	1051
2596	1051
1166	717
438	1037
1238	1037
1285	1709
2528	1709
2816	1162
2447	159
109	659
432	659
2619	659
2786	2964
2371	1910
1760	417
3040	2425
1081	939
459	2651
425	218
2420	218
1795	1713
1981	1713
1795	642
627	642
1981	642
2517	1877
2097	1877
1283	1877
1405	1877
2405	1877
1483	895
2930	895
1410	2116
1308	2675
2927	878
622	878
599	878
551	2034
136	2034
1594	1968
326	1968
1594	2712
326	2712
2959	2712
2542	2712
2509	2712
1450	80
80	2355
519	2355
1637	2600
2353	2600
132	2600
3112	2600
1272	1736
3153	1497
2407	1497
13	2962
569	1856
277	277
1357	2153
781	1535
1500	1535
1659	1535
3258	1535
2938	1535
644	1535
3169	1535
2207	1535
2749	1535
516	1535
1097	1535
28	1535
279	1535
1071	1535
1271	1535
1625	1535
3102	2207
2622	2207
1071	2207
2984	2984
463	1482
1313	1482
2348	1482
2664	1482
1257	1482
2844	1482
2032	1482
1413	1482
1128	1482
1607	1482
2876	1482
1626	1482
1428	1482
2159	1482
2555	1482
730	1482
1097	1482
3014	1482
1865	1482
1097	436
3118	1788
1189	1788
1690	1788
2754	1788
2355	1788
2520	1788
1741	1788
1489	467
1588	691
953	157
1765	1820
3071	744
1820	744
2541	1739
747	1739
511	790
511	997
790	997
3035	1878
923	86
1870	86
923	1143
2141	537
752	336
1104	1286
696	414
2170	2601
285	2601
2267	2601
1579	3049
3206	3049
1910	2214
681	3226
2214	681
2889	1498
850	1498
1562	1498
1218	1496
2135	755
137	638
1647	638
2462	638
638	1647
2462	1647
2359	1041
1774	1041
553	1041
2461	2387
356	2387
2037	2387
1734	2387
1870	2387
1974	2387
1057	235
882	2876
2393	2876
3240	961
1368	2535
1579	1368
3206	1368
2487	1368
1961	1783
114	1783
2631	1783
954	1783
2706	1783
1361	1783
2109	2631
1699	2631
114	2631
954	2631
2706	2631
3050	450
342	2184
1632	1809
2002	1809
3124	1809
2864	1809
164	1367
306	1123
147	1123
3117	1123
1764	1123
2499	2499
170	545
1192	2438
251	3151
2614	445
581	445
1739	445
2877	445
2745	445
173	445
881	445
1398	1247
2485	2216
329	2216
2610	424
3077	1384
601	1384
2426	437
2202	784
814	2009
93	2009
3173	2009
1947	2009
2995	2009
2368	2009
55	2009
940	2009
519	2009
1625	2009
1121	2235
816	3187
2578	3004
2015	3004
1342	3004
1115	3004
551	1200
2909	2443
2857	2857
3089	2168
766	1953
2309	1953
188	32
1541	32
60	32
723	966
2534	966
1398	966
2140	966
1247	966
890	966
2138	2138
91	873
1545	890
839	3234
1545	606
782	1636
2222	1114
3237	1515
3104	610
1757	3237
610	3237
2556	2351
2332	173
2082	1931
188	1931
3077	1931
1848	1931
1752	1931
1235	1931
1798	1931
2490	1931
2531	1931
9	1931
1634	1931
2740	1931
86	1931
2824	1931
173	1931
3103	1931
20	1931
1431	1931
3029	1931
129	2165
258	2165
992	2165
2082	2165
1421	2165
2192	2165
2737	2165
345	2165
1913	2165
1072	2165
923	2165
1929	2165
1082	2165
2532	2165
1634	2165
2740	2165
86	2165
1143	2165
173	2165
3103	2165
20	2165
1011	2165
7	2165
2594	2165
187	2165
3005	2165
2902	2165
3013	2165
987	2165
2729	2165
1082	3103
2740	3103
173	3103
86	20
3096	1241
813	743
2986	1941
527	1941
2088	1941
2187	1972
1105	282
2776	282
717	1166
2892	2524
313	1332
3117	1332
2439	1332
2489	1332
3111	1332
2313	947
2367	947
1073	2770
1340	2770
2164	2770
1883	1796
299	628
2629	299
1363	1517
628	848
299	848
692	2070
1787	2491
2456	2491
2789	2491
1386	265
1684	265
1692	2327
1339	2327
2077	458
1589	2804
907	2804
2280	2276
1270	2276
2658	1555
822	2943
2054	2234
584	3277
716	716
2661	1633
519	1663
312	852
2094	2483
687	1520
1183	1915
2784	3247
1426	1426
2422	2169
1879	2169
195	3285
1183	3285
1522	3285
3136	3285
3167	3285
1915	3285
1240	3285
394	3285
10	3285
2699	3285
2463	3285
1186	1011
992	1011
1849	1011
2192	1011
2737	1011
345	1011
1092	1011
3013	1011
987	1011
2729	1011
1183	780
10	780
35	780
2422	1879
10	1015
985	1015
116	474
2248	498
2871	498
184	1001
2248	1001
1526	1001
3077	1834
2672	2102
451	451
1097	1118
1338	1461
2503	2119
2892	2271
2659	339
3081	2749
1767	1927
1701	291
455	291
1401	2256
3310	3053
1441	3053
3137	3053
2386	3053
2861	227
165	227
963	2346
2451	586
2060	1451
2529	422
2069	2069
2279	2172
254	2741
2807	2431
834	3170
836	3170
1973	1587
747	2541
2415	2415
2480	1510
3143	1510
841	2381
2944	3025
1625	3025
1564	2944
720	2076
1450	2076
2564	2076
28	2076
1600	405
2265	1600
831	1600
1417	3007
396	3007
2080	2638
1873	1745
1229	1745
3232	1745
1873	1229
1873	3240
1229	3240
3232	3240
118	1939
2489	1939
2780	1428
3262	1428
599	2266
622	2927
2266	3212
622	3212
599	3212
976	1761
1564	2236
1564	845
3025	845
2944	845
2236	845
3273	43
3216	43
505	3165
1829	3165
179	3165
581	3165
43	3165
1625	310
1822	2572
88	2572
1137	2882
23	1815
2243	1815
2243	2163
3266	2340
2682	2682
1902	1902
2835	1279
1980	680
107	2961
430	2961
2966	2961
929	2492
465	2492
1254	2492
2980	2492
565	2492
1509	2492
28	1644
439	796
1449	2050
265	2050
2753	2050
1264	2050
59	2050
2224	2753
3048	2021
426	2021
2196	2021
2086	347
286	347
1875	347
172	347
2251	347
96	1062
3215	950
923	1395
2404	1395
710	1395
2532	1395
7	1395
31	1395
1431	1395
748	1395
875	1395
2035	1946
216	1946
2404	1946
1235	1946
1068	1946
2532	1946
7	1946
31	1946
1431	1946
748	1946
875	1946
1397	2758
1186	2594
2260	2594
992	2594
1849	2594
2192	2594
2737	2594
345	2594
353	2594
173	2594
1011	2594
1092	2594
3013	2594
1424	2594
987	2594
2729	2594
3070	462
1557	301
740	740
2459	181
1779	343
1264	1933
1298	496
2204	311
777	690
2777	2974
1996	2974
2432	2974
2079	2974
555	2974
1876	2974
1710	2079
2383	2079
1342	555
2383	555
979	2626
557	44
1096	44
1663	516
3111	2489
3096	1565
1382	2522
2373	2522
1726	2522
3068	2522
315	1652
603	1652
429	1652
1768	1652
1351	2433
395	2433
78	2433
1527	2433
1592	2433
1076	2433
1953	2433
667	2433
1984	2433
592	725
2166	1000
597	1000
1870	521
314	41
2583	41
2019	215
2480	2628
2046	2628
3160	2397
1095	2397
1578	2397
1797	1080
2702	2598
886	2598
678	3272
196	2743
33	2743
2560	2743
2743	102
261	2412
1074	2412
512	2412
1965	2412
1457	540
540	540
3000	1077
1077	1077
1029	2401
1047	1029
1029	1029
1047	1430
2126	1430
1047	381
1907	2068
2117	2068
749	2627
2294	2627
2005	2627
1891	2627
2242	2627
1431	2627
1851	2627
1374	3305
3213	1867
274	3307
3006	3307
1814	3307
3205	3307
270	3213
2205	3171
1085	2908
86	3125
257	808
2027	808
2376	808
2762	66
2806	1174
1188	1174
401	1310
1584	1310
570	2571
2877	21
2745	21
1739	3219
2541	3219
747	3219
21	3219
2725	682
1792	682
1336	682
2221	682
400	682
445	682
2877	682
2745	682
1120	682
448	682
3109	877
220	2295
2301	2295
937	645
3235	645
3269	645
2118	645
318	645
254	645
348	3110
1440	2975
40	3311
22	2562
40	2562
506	40
216	1617
2532	1617
3092	1617
7	1617
31	1617
1244	1617
875	1617
2404	2087
2180	2087
3092	2087
2087	2087
3048	404
2553	2299
933	1265
933	583
861	1705
2352	1165
1814	1165
708	2697
705	1045
2848	329
896	1904
2986	576
977	576
2239	576
917	576
2088	576
2325	576
281	576
1019	2143
2373	1852
2107	1852
1534	1392
762	1392
1387	2549
1553	2959
2542	2959
84	1561
1561	84
1074	1563
1258	1563
2934	2988
3091	2988
91	2988
953	2988
1969	2988
3086	2988
2435	2988
2587	2988
2450	2988
873	2988
1648	2988
1563	2988
3140	2988
1258	2988
1569	2988
3308	2988
2956	2988
1897	1575
3265	996
1741	996
1353	1977
1042	1977
1107	1977
521	1977
1389	1791
2530	2267
2749	2305
3133	1396
359	2261
1830	2261
2108	2261
1378	2261
1	2637
893	591
2449	591
1839	591
2611	591
3260	591
893	2611
1839	2611
2832	2611
1642	701
2748	701
991	701
1592	701
2622	701
519	701
3021	1195
1489	1195
2527	1550
66	1740
2496	2457
1474	1190
1061	1702
3059	1702
629	384
888	303
2584	303
161	303
415	952
853	952
3227	952
2185	952
1140	2584
2584	2584
2145	2584
161	2584
2051	930
3062	930
593	128
298	128
1706	287
2580	542
542	2104
2580	2104
673	3183
844	1306
1306	1650
364	2200
698	2200
1401	2200
1283	1512
306	1528
903	1528
3237	1528
1489	1528
2588	1197
127	1197
2821	1197
924	482
2361	2488
3180	2488
1952	2488
191	2488
2004	2488
1658	2488
2290	2488
20	2488
628	2488
299	2488
411	2488
151	2488
2294	2242
521	1597
1870	1597
1153	1220
7	31
875	31
2532	1431
7	1431
31	1431
3241	2372
2799	2372
1409	3024
1711	3024
1680	3024
1357	319
317	1357
2012	2384
704	354
75	354
2597	2983
3273	2319
328	2319
3168	614
2041	1508
614	2041
3168	2041
919	1609
2317	1609
2469	1609
454	1609
1714	2905
1886	1886
1980	3076
475	475
3215	1487
632	2210
538	2210
1409	2210
629	2210
2995	2210
1374	2210
1926	2210
1711	2210
1680	2210
2936	2210
3223	2210
1127	2210
538	2936
1374	2936
3223	2936
1488	1524
794	1524
3	1034
1347	1034
2559	1034
2296	1034
1987	2288
2579	3132
2049	1420
2686	1420
137	1420
793	1420
1090	1420
1489	1420
1062	1420
758	1420
2152	1420
4	1420
2660	1420
2369	1420
1615	1420
911	1420
3082	1420
2429	1420
1557	358
2796	2796
2139	2358
3213	2358
1419	2358
1266	1419
270	1419
97	1419
2457	786
1208	408
2487	408
1357	408
380	190
2026	190
2766	190
2026	380
2766	380
2418	2298
1962	2298
112	491
1710	1007
2167	365
1330	365
1418	365
524	365
250	365
34	365
1217	365
2394	365
2570	365
600	365
805	365
2027	365
808	365
2384	365
1750	365
2848	1087
1423	2563
1423	1111
1905	2880
2383	2880
1032	1868
551	1225
136	1225
1980	1225
551	753
136	753
1980	753
1225	753
1010	753
1452	2573
344	735
2007	735
1036	735
493	1851
1017	1719
1742	1719
2357	2274
2241	2274
261	512
2187	512
1757	1053
608	2859
874	197
138	2520
1847	2520
1189	899
2504	138
2889	757
2698	2555
2159	2698
2919	1064
3228	1064
945	1064
2979	1064
1612	1064
2893	1862
1121	1862
2235	1862
1537	1862
929	1254
2003	2476
1420	2815
2148	714
1125	3306
2646	3306
3077	3005
3005	3005
1244	3005
2791	722
274	1814
3205	1814
1813	1560
1055	1560
64	1560
502	1560
1473	1560
2146	236
3102	236
1159	236
376	236
2901	236
1239	236
523	236
864	236
2869	236
124	236
212	236
2664	236
2517	236
250	236
2544	236
3279	236
1066	236
1608	236
2849	236
2593	236
1892	236
854	236
2995	236
141	236
3222	236
922	236
1256	236
2581	236
142	236
1672	236
126	236
2194	236
1663	236
1374	236
3025	236
2944	236
310	236
381	236
323	236
1992	236
3119	236
701	236
2210	236
2936	236
211	236
2385	236
2970	236
279	236
500	236
3087	236
741	236
2507	502
2183	502
854	502
2269	502
2210	502
2936	502
279	502
500	502
3087	502
420	502
3102	2344
3074	2344
2844	1473
64	1473
2600	132
3179	2678
1795	1981
2678	1981
575	2382
1194	2382
776	2382
575	174
1194	174
62	2721
2721	2721
1773	730
923	307
2836	3292
1679	2836
2357	698
364	698
2064	2296
2433	2296
1180	2296
916	916
1622	2323
2253	2323
2941	2232
344	2232
2367	2232
2007	2232
379	2232
1332	2232
118	2232
735	2232
3283	2232
2680	3283
99	3283
2669	3283
2966	3283
3309	1730
1728	1730
689	1730
2330	1730
807	1730
2150	2150
1097	616
2701	1129
1992	1129
2292	1238
1297	371
3275	371
2484	278
278	3141
589	1876
1986	1876
3037	1954
2341	3146
1599	3146
3146	3146
2657	495
396	1858
2097	2405
706	2405
1335	1214
3057	1214
929	1214
2657	1214
276	1214
1648	1214
2492	1214
1254	1214
495	1214
605	1214
1214	1214
2720	1638
2525	1638
1163	1638
2673	1638
2720	2673
1163	2673
1322	1448
1129	1448
3152	1448
546	1448
430	546
737	546
1756	546
2914	207
891	2011
352	2011
1433	2011
2229	2011
495	2011
2907	2011
3002	2289
1134	2289
1509	1549
2096	2333
2094	2333
978	2333
2623	230
866	609
230	609
3308	609
3245	1543
2470	2808
3227	2808
2185	2808
1986	2808
538	3223
1764	3223
114	954
114	2706
1361	2706
1546	1361
2991	2809
1951	745
1444	745
2742	745
2505	745
114	1304
110	1475
2208	1188
2209	1199
1762	3147
1989	3147
3147	2238
101	2238
1762	2238
3147	1645
3147	101
1762	101
3147	1762
101	1762
331	661
3147	661
2899	661
2716	2812
866	2812
3308	2812
1088	1088
1793	3192
2939	3192
3018	1148
2278	1993
1734	1993
3140	1258
261	572
2063	2896
571	1984
571	1281
1984	1281
1911	908
1667	2645
2256	2645
108	2377
2566	385
532	2965
532	2566
2965	2566
1864	2526
1988	2481
2379	2481
963	2481
3019	2481
2046	2481
2909	2481
1903	2481
2346	2481
1648	2481
1316	2481
304	2481
836	2481
1118	1097
465	565
465	1509
261	1965
1687	1437
2374	1506
1772	3195
2862	3195
2679	3195
1757	3172
3195	3172
1667	928
1769	928
337	928
2244	3105
2805	2501
2884	2501
1667	795
421	795
3	795
337	795
3105	795
2895	795
995	795
1986	795
3189	1406
3271	1379
2282	783
3101	1774
850	1331
1074	598
1725	1725
2198	1725
1440	1725
1440	2198
2781	2881
2000	2881
2225	2881
2000	2225
2626	2161
979	2161
341	872
2600	872
2291	872
872	2291
1596	2028
692	2846
426	2635
246	1847
3164	481
213	2099
271	2099
2720	2446
1163	2446
465	1130
1969	1130
2574	1130
2877	1130
2745	1130
173	1130
1074	1130
2980	1130
565	1130
1509	1130
3182	1039
195	2463
588	2219
3135	1010
551	1010
1980	1010
1225	1010
1010	1010
1720	144
3300	683
2574	683
789	683
2574	1481
2482	3090
1656	3090
2380	2739
42	2739
42	1058
2978	1131
1026	1469
3040	361
2692	3278
1452	2692
1677	1677
1948	994
253	994
732	940
2676	969
2912	969
846	427
2878	403
2528	403
3227	2185
1576	1325
1368	1325
231	1325
2384	711
1978	580
2015	2813
1342	2813
316	2813
3028	2199
438	2199
2336	1855
168	1855
2336	168
2674	2582
2062	2582
445	2640
184	972
1526	972
2735	1161
1654	3100
1683	3100
1654	1683
2048	1683
346	2067
884	2067
3041	959
2934	959
2725	959
1792	959
1925	959
483	959
2221	959
2574	959
2387	959
445	959
2877	959
2745	959
173	959
1648	959
3219	959
3311	959
2562	959
1870	959
605	959
1245	959
3291	959
1556	959
730	3014
1682	625
541	2036
211	3231
2257	709
623	709
1949	2413
2250	2413
3104	1401
3207	1401
2315	1289
2064	1289
793	1289
1294	1289
2374	1289
3207	1289
2229	1289
2174	1289
3227	1289
2185	1289
1401	1289
1289	1289
178	1289
112	1289
2429	1289
2470	178
2244	178
1620	178
1673	178
1899	178
2296	178
2808	178
795	178
3227	178
2185	178
1986	178
1889	1889
2366	573
2366	2366
1838	373
69	373
2472	373
361	373
254	373
1356	3236
2762	3236
66	3236
2513	3236
1356	2510
1004	238
463	238
1313	238
2780	238
2958	238
2792	238
2578	238
2194	238
1607	238
1482	238
3262	238
1336	1501
254	2769
2769	1940
900	1940
2282	900
756	3094
1477	3094
2707	3094
761	3094
2612	3094
2873	3094
684	2971
2971	2971
804	613
1278	476
883	1350
392	393
1753	3304
214	3304
856	3304
3303	214
2913	1572
1317	3122
3305	2751
246	2751
425	295
2420	295
1025	713
3140	1569
867	1569
873	158
501	501
3217	1695
1695	2466
1244	1277
2258	789
2059	2284
1361	2284
3181	2819
2429	2053
2608	1491
824	1491
2671	1491
125	1491
1119	1491
2718	1491
585	2718
1752	2718
2368	53
1816	0
2496	5
2820	5
1703	5
2559	5
1087	5
2862	5
480	1295
1827	3291
1739	3291
21	3291
1556	3291
2190	2190
309	2502
49	2502
1804	2502
1040	2502
2190	2502
1571	1776
382	1571
1316	3251
2576	1932
778	2576
1329	1070
2576	2075
1569	288
1884	2272
1919	2272
1857	2272
2272	2272
674	868
2251	3030
849	1577
2517	383
1283	383
198	383
1877	383
2423	383
2686	245
2179	245
2517	300
3241	300
1032	300
342	2273
998	1113
1268	1113
1704	412
1621	2066
1621	2553
2262	1828
897	1768
1097	897
2307	870
397	812
1359	812
362	812
1472	812
52	812
2143	812
618	879
2841	879
1856	879
2708	879
939	1081
104	548
3279	1173
1892	1173
480	1173
1794	2400
3279	2400
1173	2400
480	2400
1173	760
2944	3288
1883	1544
995	2895
3105	995
1986	995
1986	2375
2244	1986
1453	3150
487	1453
2878	2528
3092	2528
192	2473
1003	1547
2954	1547
2448	419
1413	1865
2884	983
1684	983
2854	2585
558	1093
1319	1093
1519	1670
1016	1352
2229	1352
2263	1184
648	1385
1083	765
2438	765
1699	2396
845	2396
1388	113
160	2652
992	1092
1075	1092
84	1092
759	67
1237	3268
2838	2838
2205	2870
2928	2569
1755	2569
3075	3158
1665	3158
1755	2928
22	1207
2037	1207
2834	2540
2529	2540
422	2540
2160	2911
1595	2911
2182	1315
977	2419
2575	2419
2575	594
733	965
1073	1340
2646	2275
2799	2639
1371	2554
2851	2554
1371	1529
1789	2851
1371	2851
124	2970
1581	2115
541	2115
3296	2383
1710	2383
590	1539
1470	949
413	949
2667	949
3015	949
1961	2957
114	2957
2910	718
1573	718
2428	718
1048	499
3208	926
1698	87
2736	87
2558	87
2541	1582
695	1582
497	695
2438	695
2624	2509
1366	51
2135	51
3276	51
3294	1089
2708	210
1714	3108
2110	3108
531	2523
2985	1613
1270	2176
2769	2176
1627	1230
216	1983
2532	1983
216	3149
2532	3149
1975	2713
1436	1918
850	1918
1882	1918
2220	1918
438	1918
2218	1044
567	1844
3094	1844
105	17
3184	28
250	28
56	28
516	28
1717	28
519	28
279	28
1351	279
2810	279
1920	2518
2247	1920
2781	3261
2000	3261
2881	3261
2225	3261
910	420
2269	420
1391	420
3094	420
1832	1071
847	1071
1956	1071
644	1071
1568	1071
58	1071
2368	1071
516	1071
2622	1071
519	1071
3150	1071
2838	1071
279	1071
634	1071
764	3008
3091	1615
2615	1615
3140	3308
2617	911
2689	911
874	3013
3077	3013
1885	1885
3163	2092
1722	2662
2810	204
1921	1700
2100	1590
1988	304
2346	304
2725	448
1919	2350
2429	3082
1288	454
2139	454
1609	454
495	2907
3140	1556
3114	2945
3111	3145
2810	3145
519	634
2489	741
3111	741
3145	741
332	640
143	640
2949	1262
992	1424
1849	1424
2192	1424
2737	1424
874	1424
1424	1424
2729	1424
1186	987
992	987
1849	987
2192	987
2737	987
1011	987
1092	987
3013	987
1424	987
2729	987
1849	2729
1092	2729
1424	2729
2729	2729
2414	1678
167	203
356	203
1734	203
3241	1271
2376	1271
167	798
1054	798
2634	798
2480	798
216	798
1952	798
1235	798
2709	798
1588	798
2532	798
702	798
2740	798
1870	798
1855	798
2228	798
2035	1439
2324	1439
2480	1439
1235	1439
751	1439
1078	1439
342	1439
2228	1439
1074	2956
2621	597
834	836
2166	2023
3088	2023
597	2023
265	59
59	59
224	27
1949	3064
2621	3064
2166	3064
597	3064
2084	1445
423	887
1305	986
1250	986
2254	3302
902	2429
