0	1
0	2
0	3
1	4
1	5
1	6
7	1
8	1
8	9
10	1
10	11
10	12
10	13
14	1
14	11
14	15
14	16
14	17
18	1
18	19
20	1
20	21
20	22
23	1
23	24
23	25
23	26
27	1
27	28
27	29
27	30
27	31
32	1
32	33
32	34
35	1
35	36
35	37
35	38
35	39
40	1
40	41
40	5
42	1
42	43
44	1
44	45
44	4
44	46
44	47
48	1
48	49
48	50
48	51
52	1
52	53
52	54
52	55
56	1
56	57
56	58
56	59
60	1
60	36
61	1
61	4
61	8
61	62
63	1
63	64
65	1
65	66
65	67
65	68
69	1
69	8
69	70
71	1
71	72
71	73
71	74
75	1
76	1
76	77
78	1
78	79
78	41
78	80
81	1
81	82
83	1
83	36
84	1
84	85
84	86
87	1
87	88
87	89
87	4
87	90
91	1
91	92
91	8
91	93
94	1
94	55
94	95
96	1
96	55
97	1
97	98
97	39
97	99
100	1
100	19
100	101
100	102
103	1
103	104
105	1
105	106
107	1
107	108
109	1
109	19
110	1
110	19
110	17
111	1
112	1
112	45
112	4
112	36
113	1
114	1
114	19
115	1
115	45
115	4
115	36
116	1
116	15
116	117
116	118
116	119
120	1
120	8
120	121
120	122
123	1
123	4
123	36
123	124
123	125
126	1
126	15
127	1
127	45
127	4
127	36
128	1
128	129
85	1
85	24
85	130
85	131
132	1
132	133
132	79
132	134
135	1
135	136
137	1
137	85
137	86
46	1
47	1
47	45
22	1
138	1
19	1
19	64
139	1
139	140
139	141
139	142
139	143
144	1
145	1
145	146
145	147
148	1
148	25
148	2
148	149
148	150
151	1
151	2
151	3
152	1
152	153
152	57
152	154
155	1
155	156
155	2
155	157
155	158
150	1
150	50
150	159
150	149
160	1
160	5
161	1
161	162
161	163
5	1
5	28
5	164
5	6
5	165
166	1
166	156
166	85
62	1
33	1
33	167
168	1
168	169
168	170
171	1
171	172
171	173
38	1
39	1
39	4
39	174
175	1
175	58
175	176
175	147
177	1
177	28
178	1
178	24
165	1
165	4
165	5
165	6
179	1
179	7
180	1
180	85
181	1
181	182
181	183
55	1
55	184
185	1
186	1
186	72
73	1
73	72
73	186
73	74
74	1
74	72
187	1
187	4
188	1
188	187
16	1
16	15
16	119
17	1
17	45
17	124
17	189
28	1
28	190
28	46
191	1
191	24
191	5
134	1
134	133
134	79
134	132
173	1
173	147
173	55
2	1
2	79
13	1
66	1
66	19
66	45
192	1
192	135
193	1
194	1
194	58
194	195
194	196
197	1
197	29
198	1
198	28
198	135
118	1
118	55
119	1
119	199
200	1
200	4
200	201
202	1
203	1
203	185
203	92
203	8
204	1
204	85
204	205
204	86
204	131
206	1
206	36
207	1
207	2
207	79
207	5
207	183
201	1
201	200
208	1
208	4
208	209
210	1
211	1
212	1
212	36
213	1
213	5
214	1
214	215
214	46
216	1
216	217
218	1
218	19
219	1
219	211
219	218
106	1
220	1
220	202
220	203
220	41
167	1
167	41
167	213
221	1
222	1
222	17
222	36
222	189
222	223
224	1
224	25
224	225
224	226
227	1
227	80
227	228
227	229
230	1
230	135
230	6
231	1
231	15
231	17
231	225
232	1
232	2
233	1
233	202
234	1
234	213
234	125
234	235
236	1
236	210
90	1
90	4
237	1
237	55
238	1
238	55
95	1
95	55
239	1
239	55
239	237
239	238
174	1
174	36
240	1
240	241
240	118
242	1
242	119
243	1
243	9
243	244
245	1
245	241
245	55
245	118
92	1
92	36
92	213
246	1
246	203
246	92
246	247
248	1
248	249
162	1
162	19
162	193
162	86
162	64
163	1
163	162
163	250
163	161
251	1
251	19
252	1
252	253
253	1
253	254
253	255
253	46
209	1
209	200
209	201
256	1
256	72
256	186
256	73
256	74
257	1
257	258
259	1
259	11
147	1
147	19
147	4
147	260
147	261
36	1
262	1
262	263
262	178
9	1
24	1
24	160
24	5
189	1
260	1
260	4
260	147
264	129
129	46
265	129
265	266
265	267
265	268
265	269
270	271
270	130
270	272
270	273
270	274
275	271
275	276
277	271
277	278
277	279
280	271
280	21
280	281
280	282
283	271
283	284
283	130
283	285
286	271
286	130
286	274
286	285
287	271
287	288
287	130
287	274
289	271
289	290
291	271
291	130
291	292
293	271
293	294
293	295
293	296
297	271
297	298
299	271
299	300
301	271
301	302
301	21
301	303
304	271
304	136
304	130
304	21
304	305
290	271
290	136
290	130
290	306
307	271
307	288
307	308
307	309
310	271
311	271
312	271
312	136
312	313
312	130
314	271
314	21
314	315
314	215
314	310
316	271
316	130
316	317
133	271
133	136
133	180
133	318
133	77
317	271
317	130
319	271
319	320
319	321
319	322
323	271
323	320
323	130
323	249
315	271
315	324
315	130
292	271
292	320
292	294
292	317
292	325
326	271
326	320
326	324
326	130
326	21
309	271
309	320
309	290
309	307
327	271
327	328
327	130
327	329
327	330
331	271
331	130
331	332
331	333
334	271
334	321
334	130
302	271
302	136
302	313
302	130
302	21
335	271
335	320
321	271
321	136
321	21
336	271
336	130
336	317
336	337
336	304
276	271
338	271
338	285
339	271
339	340
339	130
339	341
339	342
343	271
343	324
343	306
344	271
344	290
344	130
344	323
344	249
345	271
345	24
345	136
345	321
345	346
347	320
347	348
347	294
347	349
347	350
351	320
351	21
351	352
351	353
354	320
354	24
354	332
354	355
353	320
356	320
356	306
356	305
357	320
357	288
357	130
357	358
359	320
359	340
359	136
359	130
359	21
296	320
296	295
296	360
361	320
361	354
361	362
21	320
21	136
21	313
21	130
363	320
363	303
272	290
272	284
272	130
272	316
364	307
364	365
364	130
364	21
364	366
367	307
367	21
367	322
367	362
367	368
369	370
369	272
369	371
370	372
373	370
373	136
373	374
375	376
375	172
375	377
376	378
376	379
380	376
381	376
381	382
381	383
384	327
385	386
387	388
387	389
390	388
389	388
389	391
391	388
391	389
392	389
392	393
392	391
394	24
394	130
394	330
395	24
395	354
396	24
396	397
396	130
396	398
396	399
400	24
400	130
400	401
402	24
401	24
401	288
401	130
401	336
401	403
404	24
404	405
404	130
406	24
406	407
408	24
408	409
410	24
410	411
412	24
412	354
412	244
412	413
412	414
415	24
415	416
415	130
417	24
417	418
417	130
417	215
417	419
420	24
420	421
420	422
423	24
424	24
424	130
424	191
424	198
424	244
313	24
313	136
313	130
130	24
130	136
130	313
300	24
300	130
300	21
425	24
426	24
426	408
426	427
426	428
429	430
429	431
429	432
433	430
433	340
433	434
433	435
436	430
436	405
436	418
436	437
438	430
438	418
438	439
438	440
438	441
442	430
442	340
442	443
432	430
432	340
340	430
340	444
340	445
340	440
340	378
446	340
446	447
446	448
446	449
450	340
450	451
452	340
452	11
452	418
452	440
452	453
454	340
454	445
455	340
455	456
457	340
457	458
459	340
459	440
460	340
460	461
460	462
463	340
463	464
465	340
465	466
465	266
465	467
465	468
469	340
469	444
470	340
470	405
470	266
471	340
471	434
472	340
472	473
472	474
475	340
475	418
476	340
476	434
476	477
478	340
479	340
479	461
479	478
480	340
480	444
480	481
480	482
483	340
483	484
483	485
486	340
486	447
486	487
488	340
488	405
488	489
490	340
490	472
491	340
491	492
448	340
448	447
448	266
448	493
494	340
494	405
482	340
482	11
482	495
482	496
444	340
125	340
125	497
498	340
498	499
445	340
445	461
500	340
500	501
500	502
500	503
451	340
504	340
504	440
504	441
504	505
506	340
506	266
506	507
508	340
509	153
509	510
509	511
509	512
513	153
513	514
513	152
515	153
515	516
517	153
517	407
517	154
517	510
518	153
518	261
518	160
154	153
154	519
154	516
154	520
512	153
512	510
512	521
512	522
523	519
523	516
519	516
524	519
524	516
525	520
525	407
525	154
525	526
525	160
520	523
520	524
527	520
527	528
527	529
527	530
531	532
531	0
531	533
534	532
534	136
534	82
534	535
536	532
536	537
538	532
539	532
539	531
540	0
540	533
540	413
533	29
533	3
541	533
541	2
541	542
541	543
544	545
544	546
544	547
545	547
548	545
548	549
549	545
550	278
550	551
550	552
553	278
553	554
553	555
552	278
552	550
552	551
556	554
556	557
556	558
556	559
560	554
560	561
560	562
560	563
564	554
564	88
564	474
564	565
564	566
567	554
567	140
567	568
567	557
567	569
570	172
570	571
570	572
172	136
172	51
573	172
573	561
573	562
573	574
573	575
576	172
576	473
576	190
577	172
577	578
577	579
577	474
577	580
581	172
581	582
583	172
583	584
585	172
585	586
585	354
587	172
587	394
588	172
588	557
589	172
589	590
589	591
589	592
589	593
594	172
594	595
594	596
597	172
597	598
597	599
600	172
600	590
600	601
602	172
603	172
603	604
603	176
603	394
603	605
606	172
606	604
606	607
606	603
606	608
609	172
609	195
609	171
610	172
611	172
611	612
613	172
613	582
614	172
614	405
614	615
614	616
617	172
617	590
618	172
618	58
618	582
619	172
619	620
619	621
619	622
619	176
623	172
623	590
623	328
623	624
623	625
626	172
626	590
626	627
628	172
628	582
629	172
630	172
630	626
630	627
631	172
631	21
631	330
631	629
632	405
632	136
633	405
634	405
635	405
635	266
635	636
635	637
638	405
638	461
638	462
639	405
640	405
640	179
640	12
640	641
642	405
642	190
643	405
643	266
644	405
644	7
644	645
646	405
646	647
648	405
648	136
648	130
648	346
648	649
650	405
650	651
652	405
652	653
654	405
654	655
654	7
656	405
656	657
658	405
659	405
659	11
659	136
660	405
661	405
661	136
661	21
661	662
663	405
663	11
664	405
664	378
665	405
665	11
666	405
667	405
667	668
667	462
667	669
667	670
671	405
672	405
672	673
674	405
675	405
675	676
675	179
675	677
678	405
679	405
679	11
680	405
680	681
680	682
680	683
684	405
684	685
686	405
686	11
687	405
687	688
688	405
688	266
688	689
688	690
641	405
641	179
641	12
691	405
691	136
691	21
691	662
692	405
693	405
693	266
693	493
689	405
689	11
689	694
689	690
694	405
694	695
694	689
694	696
697	405
647	405
690	405
690	266
690	688
698	405
698	651
699	405
699	692
700	405
700	11
700	266
616	405
616	615
616	614
662	405
662	136
662	21
662	691
701	405
702	405
702	694
703	405
703	418
703	441
704	405
704	705
704	706
704	266
706	405
706	705
706	266
706	700
378	405
707	405
707	136
707	325
636	405
636	11
636	266
215	405
708	405
489	405
489	11
709	405
710	405
710	11
710	266
711	405
712	405
713	405
713	11
714	405
714	266
715	405
715	716
717	365
717	718
719	365
719	720
719	314
721	365
721	722
721	723
721	53
721	724
725	365
726	365
726	394
726	723
726	727
726	489
728	365
728	729
728	730
728	731
732	365
732	733
732	734
732	735
736	365
736	590
736	737
738	365
738	739
738	740
738	741
738	742
743	365
743	744
743	745
743	746
747	365
747	58
747	195
747	748
747	749
750	365
718	365
751	365
751	739
751	723
751	752
751	753
754	365
754	751
755	19
755	17
223	19
223	36
756	19
756	757
757	19
757	756
757	187
758	19
758	118
758	759
760	761
760	762
760	763
760	764
761	418
761	439
761	765
761	766
767	761
767	765
768	761
768	418
768	765
769	761
769	770
769	771
772	761
12	773
12	418
12	615
12	474
773	473
773	579
773	774
775	776
775	572
775	149
775	80
775	175
776	152
777	348
777	778
777	308
777	779
777	780
348	778
781	782
782	514
782	783
782	784
782	785
786	782
786	514
786	784
787	788
787	789
790	514
790	791
790	792
514	784
793	783
793	794
795	783
795	794
796	783
796	407
796	794
796	797
798	57
798	787
798	786
798	785
798	799
800	57
800	572
800	801
802	152
802	407
802	803
804	152
804	805
806	152
806	807
806	808
809	152
809	807
809	808
810	152
810	805
811	152
811	812
811	787
784	407
784	813
784	803
814	407
814	154
814	510
814	815
815	407
815	510
815	814
794	407
794	529
794	797
813	407
816	817
816	818
817	819
817	820
821	817
821	590
822	817
822	418
822	823
824	817
825	817
825	826
825	827
825	828
825	829
829	817
829	830
819	817
819	831
819	832
819	833
833	817
833	590
823	817
834	818
834	835
834	836
834	837
834	838
839	818
839	58
839	840
841	818
841	58
841	582
841	842
841	843
622	818
622	473
622	477
622	190
622	249
844	845
844	846
844	722
844	847
844	848
845	847
845	848
849	845
849	295
850	845
850	847
850	848
851	845
851	852
851	853
851	261
851	160
854	845
854	425
854	261
854	855
372	845
847	845
847	848
856	590
856	620
856	592
856	589
856	857
590	853
858	590
859	590
859	572
859	592
859	860
859	861
862	590
862	863
862	864
865	590
865	866
865	176
865	867
868	590
868	805
868	810
869	590
869	870
869	871
872	590
872	592
872	873
874	590
874	875
876	590
877	590
877	852
877	870
877	878
877	879
879	590
879	852
879	870
880	590
880	881
882	590
882	330
882	883
601	590
860	590
860	866
860	176
860	884
860	867
885	590
885	176
885	867
885	860
885	886
886	590
886	176
886	867
886	860
887	590
887	591
887	589
887	888
887	889
890	590
890	891
890	892
890	617
870	590
870	853
627	590
893	140
893	894
893	569
895	140
896	140
896	604
896	474
896	897
898	140
898	195
898	141
898	899
898	897
900	140
900	901
902	140
902	903
902	904
902	905
906	140
906	828
906	895
906	907
908	140
908	901
909	140
909	910
909	807
909	828
909	911
912	140
912	901
912	913
914	140
914	567
914	903
914	915
916	140
916	903
917	140
917	604
917	595
591	140
591	903
591	589
591	593
918	140
918	919
905	140
905	920
905	903
905	904
905	281
921	901
921	828
921	919
921	922
923	901
923	924
923	377
923	925
923	926
927	901
927	828
927	572
928	901
928	418
928	823
928	929
930	901
930	828
930	830
930	918
930	829
931	901
931	473
932	901
933	901
933	830
933	904
933	934
935	901
935	836
935	920
935	833
922	901
922	141
922	897
922	139
936	937
936	668
936	938
937	668
937	939
937	940
941	937
941	668
941	942
941	943
944	937
944	668
944	939
945	937
945	668
945	946
947	937
947	668
947	939
948	937
948	946
948	949
950	937
950	939
946	937
946	668
946	939
951	937
951	939
951	952
951	940
938	937
942	937
942	668
953	937
953	668
953	954
953	955
953	956
957	937
957	939
957	940
940	937
940	668
940	939
940	952
958	937
958	668
958	939
958	952
958	940
949	937
949	668
949	939
949	946
954	937
954	668
954	952
959	960
960	961
962	668
962	963
962	964
668	669
668	965
668	697
966	668
966	461
966	967
968	668
968	969
970	668
970	939
970	946
970	952
670	668
670	939
965	668
965	681
971	668
955	668
955	954
955	972
956	668
956	954
956	939
956	953
956	972
952	668
952	973
952	670
952	939
974	668
974	964
943	668
975	668
975	266
975	657
975	700
975	976
977	668
977	266
977	978
979	980
979	461
979	981
980	461
980	982
980	462
980	983
984	980
984	462
982	980
982	461
983	980
983	461
983	982
983	462
461	462
985	461
985	982
985	462
985	986
987	461
987	462
987	478
988	461
988	462
989	461
989	681
986	461
986	982
986	462
990	461
990	971
990	991
462	461
992	461
992	982
992	462
992	971
992	991
993	994
993	995
993	996
993	997
995	994
998	994
998	418
998	995
998	999
1000	994
1001	518
1001	1002
1001	1003
1001	1004
1005	518
1005	1006
1007	518
1007	1006
1007	1008
1007	1005
744	812
812	1009
812	1010
812	1011
746	812
746	744
746	745
1012	812
1012	1009
1013	812
1013	88
1013	1014
1013	1009
739	812
739	1009
799	787
799	786
799	798
799	1015
1016	787
1016	811
1017	784
1017	794
1017	813
1017	803
1018	784
1018	781
1019	786
1019	785
1019	799
1019	798
1019	735
1020	786
1020	791
1020	792
1003	785
1003	1002
785	1021
785	1022
1023	785
1023	744
1024	785
1024	1021
1024	1022
1021	785
1021	1006
1022	785
1025	826
1025	1026
826	1027
1028	826
1028	827
1028	1029
1028	1027
764	826
764	762
1027	826
1027	827
1027	1029
1030	827
1030	1029
827	1029
827	1027
827	1031
827	352
1032	827
1032	1033
1034	827
1034	1035
1036	827
1036	434
1037	827
1037	418
1037	823
1038	827
1038	352
1039	827
1039	1040
1039	1031
1041	827
1041	1029
1041	1042
1029	827
1029	1035
1029	1031
1043	827
1043	1029
1043	1027
1044	827
1044	1029
1044	1027
1045	827
1045	1029
1045	1031
1045	1026
1045	1044
838	620
838	1046
838	807
838	58
838	831
1047	620
1047	592
1048	620
1048	572
1048	844
1048	1049
1048	1050
1051	866
1051	899
1051	1052
1051	1053
1054	866
1054	731
1054	1055
1056	866
1056	1057
1056	1058
1056	628
1059	866
1059	1057
1059	1058
1059	628
1060	866
1060	884
871	866
871	626
1061	866
1061	612
1061	1062
1063	866
1063	884
1064	866
1064	1065
1064	394
1064	861
891	866
891	176
891	867
1066	866
730	866
730	473
1067	866
1067	626
1067	630
1068	1046
1068	729
1046	473
1069	1046
1069	748
1069	753
1069	1070
1069	1071
1072	1046
1072	337
1072	1073
1074	1046
1074	1075
1076	1046
1076	1077
1076	580
1076	577
1076	1078
1079	1046
1079	579
1080	1046
1080	894
1080	1073
1081	1046
1081	580
1081	1082
1081	577
1083	1046
1083	1084
1073	1046
1073	832
1073	1075
1073	1084
1085	1046
1085	58
1085	830
1086	1046
1087	1046
1087	580
1087	1088
1087	1081
1078	1046
1078	580
1078	577
1078	1081
1089	1046
1089	729
1089	730
1090	1046
1091	910
1091	819
1091	418
1091	830
1092	910
1092	819
1092	621
1093	910
1093	832
1093	842
1093	843
1093	1094
1095	910
1095	807
1096	910
1096	1097
1096	832
1098	11
11	673
11	1099
11	657
11	1100
1101	11
1101	673
1101	1102
1103	11
1103	1104
1105	11
1105	1106
1107	11
1107	694
1107	696
1108	11
1108	1109
1110	11
1111	11
1111	279
1112	11
1112	685
1113	11
1113	1114
1115	11
1115	1116
1117	11
1117	829
1118	11
1118	829
1119	11
1119	372
1119	1120
1119	1121
1122	11
1122	1123
1124	11
1124	1125
1124	603
1124	605
1126	11
1126	1125
1126	603
1126	605
1127	11
1127	1125
1127	603
1127	605
1106	11
1128	11
1128	1129
1130	11
1130	1131
1132	11
1132	1040
1132	1031
1132	1133
1125	11
1125	605
1134	11
1134	58
1134	1125
1134	1135
1135	11
1135	1125
1135	605
333	11
333	673
333	21
333	337
333	374
1136	11
1136	190
1136	1137
1136	1138
1139	11
298	11
298	1135
298	1140
411	11
411	130
411	1141
1142	11
1142	439
1142	1133
1142	1143
1144	11
1144	1142
1144	467
1145	11
1145	1142
1145	1146
1145	1147
1145	976
1148	11
1148	1149
1150	11
1150	1098
1150	493
1150	441
1151	11
1151	1152
1153	11
1153	266
1154	11
1154	434
1154	1155
1156	11
1156	1157
1158	11
1159	11
1159	1160
1161	11
1161	15
1161	1162
1161	259
1163	11
1164	11
1164	434
1165	11
1165	604
1165	1125
1165	1135
1165	605
1166	58
1166	1167
1166	1168
1166	329
58	195
58	582
58	1055
58	612
58	1077
1169	58
1169	1170
1169	1090
1171	58
1171	835
1171	1077
1172	58
1172	434
1172	978
1173	58
1173	195
1173	582
1173	273
1173	841
1174	58
1174	1175
1176	58
1176	611
1177	58
1177	835
1178	58
1178	195
1179	58
1179	1180
1181	58
1181	835
1181	195
1181	582
1182	58
1182	582
1097	58
1097	831
1097	1183
1097	929
1184	58
1184	418
1183	58
1183	582
1183	612
1183	372
195	58
195	730
195	582
195	1077
1185	58
1185	582
1185	1186
1187	58
1187	582
1187	1188
1187	86
1187	1189
1190	58
1190	835
1190	819
1190	924
1190	1183
1191	58
1191	572
1191	195
1168	58
1168	572
1168	394
1170	58
1170	1190
1170	1192
1193	835
1193	394
1070	835
1070	1083
1070	753
1194	819
1194	831
1195	819
1195	830
1195	596
1195	1196
1196	819
1196	897
1196	596
1196	1195
1197	819
1197	1187
1198	819
1198	1199
1198	595
1198	596
1198	249
1200	831
1200	330
1200	1201
1202	832
1202	1203
1202	1204
832	1205
1084	832
1084	1205
1206	604
1206	1207
1208	604
1208	722
1208	394
1208	727
1209	604
1209	136
1209	288
1209	346
1210	604
1210	502
1211	604
1211	1212
1211	1213
1211	1214
608	604
608	176
608	1215
1216	604
742	1217
1217	510
1217	522
1218	1219
1218	329
1218	1220
1221	1219
1221	1222
1223	1219
1223	329
1223	1224
398	397
398	303
398	1225
398	371
397	418
1226	397
371	397
371	303
371	1225
371	333
371	1227
1228	397
1228	1229
1228	998
1228	1230
1231	397
1231	418
1231	439
1232	397
1232	362
1232	1038
1233	418
1233	273
1233	579
418	765
418	1234
1235	418
1235	1236
1235	434
1237	418
1238	418
1238	1239
1240	418
1240	441
1241	418
1241	1242
1241	703
1241	1121
1241	1243
1244	418
1244	1245
1246	418
1246	765
1247	418
1247	1248
1247	1249
1247	1250
1251	418
1251	444
1252	418
1252	1253
1254	418
1255	418
1255	136
1255	324
1255	314
1255	315
766	418
1256	418
1256	1257
1256	1258
1259	418
1259	439
1259	1260
1259	1229
1261	418
1261	765
1261	441
999	418
1262	418
1262	766
1263	418
1263	1264
1265	418
1265	995
1265	1266
1265	490
1267	439
1267	1268
1269	439
1269	1258
1269	1270
1271	439
1272	439
1272	1142
368	439
368	362
368	780
368	1273
1274	439
1274	1275
1274	434
1274	1276
1277	439
1277	1275
1277	1278
1277	1279
771	439
771	1280
771	769
1281	439
1245	439
1278	439
1278	1275
1278	1276
1278	1274
1282	1283
1284	136
1284	130
1284	1285
1286	136
1286	313
1286	284
1286	130
1286	1287
447	136
447	489
1285	136
1285	447
1288	136
1288	1289
673	136
673	130
673	21
673	266
1290	136
1290	130
1290	317
1290	1291
1287	136
1287	130
1292	1293
1292	1199
1292	1294
1292	1295
1292	1296
1293	1297
1298	328
1298	861
1299	328
1299	1300
1299	885
1299	871
1299	1047
624	328
624	625
625	328
1301	328
1301	1065
1301	904
1302	328
1302	623
1302	625
329	328
329	578
329	330
329	629
1303	591
1303	903
1303	1304
1305	591
1305	903
1305	281
1305	905
1306	1199
1199	1307
1199	1294
1199	568
1199	557
1308	1199
1308	1049
1309	1199
1309	1294
1309	568
1310	1199
1310	1311
1310	360
1310	1312
903	1199
903	568
903	1313
568	1199
568	1294
568	557
1314	1199
1314	903
1314	1315
1314	1316
574	1199
574	561
574	575
574	1317
596	1199
596	595
596	249
1318	1199
1318	1294
1319	1199
1319	568
1319	558
1320	1199
1320	1297
1320	1321
1320	1322
1323	1324
1325	739
1325	740
740	739
740	741
740	742
740	1325
741	739
741	740
741	742
741	1325
741	1326
1327	740
1328	740
1329	740
1329	1330
1330	740
1330	741
1330	1331
1332	1027
1333	1027
763	1027
763	1332
1334	1027
1335	1027
1335	1336
1337	1027
1337	920
1337	434
1337	1338
1337	1339
1340	1129
1340	1341
1340	1342
1343	1129
1343	482
1343	495
1341	1129
1341	1128
1341	1343
1341	1342
1344	1129
1344	1128
1345	462
1345	967
1345	1346
967	462
967	669
1347	462
1347	967
1347	1346
1347	1348
1349	963
1349	1258
1349	964
1349	974
1350	963
1350	964
1350	974
1351	1006
1351	1008
1006	1352
1353	1006
571	853
555	571
555	1354
1355	571
1355	884
1355	1356
1356	571
1356	884
1356	1355
1357	567
1357	558
1357	1358
1359	567
1359	903
1360	567
1360	1295
1360	557
1361	567
1361	574
1242	1362
1242	1363
1242	1243
1364	1242
1364	485
1364	441
1364	1121
1364	1363
1365	1242
1365	485
1365	441
1365	1121
1365	1363
1121	1242
1366	1242
1366	441
1367	313
1367	130
1367	133
1368	313
1368	130
1368	51
1368	133
1369	313
1369	130
1369	51
1369	133
416	313
416	312
1370	288
1370	130
1370	274
288	130
288	336
288	322
288	304
274	288
274	130
274	1371
1372	288
1372	346
1372	1373
1372	80
284	316
1374	284
1374	357
1375	284
1375	1376
1375	354
294	284
294	130
294	274
695	673
1377	673
1377	321
1377	1290
1377	342
1377	1378
51	673
51	473
51	1379
51	1380
1378	673
1378	130
1378	21
1381	321
1381	306
282	321
282	1382
282	281
1383	324
1383	130
1383	1384
1383	792
1383	1385
1386	324
1387	324
1387	1386
1387	1388
1389	324
1389	852
1389	334
1390	324
1390	961
1390	1391
1390	1392
146	324
146	9
146	156
146	241
146	85
1393	324
1393	317
1393	1394
1393	1395
1396	130
1396	21
1396	294
1396	1253
1396	1397
1398	130
1398	317
1398	363
1399	130
1399	312
1400	130
1400	294
1400	401
1401	130
1401	317
1401	344
1401	1402
1401	1403
1404	130
1404	294
1404	401
1405	130
1405	586
1405	354
1405	1382
1406	130
1406	346
1407	130
1407	357
1408	130
1408	649
1409	130
1409	332
1409	317
341	130
341	317
341	1291
1402	130
1402	325
360	130
360	341
360	295
360	1410
399	130
403	130
285	130
285	274
1403	130
1403	317
1289	130
1411	130
1411	329
1411	1412
322	130
322	21
322	300
322	336
322	304
1413	130
1413	317
1414	130
1414	649
1414	317
1414	1413
1362	130
1362	485
1415	21
1416	21
1416	1417
1416	262
1418	21
1418	1419
1418	1420
1418	1421
586	21
586	332
586	722
1422	21
1422	394
1422	694
1423	21
1423	1424
1423	1425
1423	1426
1423	1427
1388	346
1388	1386
1388	1387
1428	1429
1430	1429
1431	1429
1432	1429
1432	447
729	176
729	598
729	1433
1434	729
1434	730
1434	598
1434	1433
1435	737
1435	1436
1437	737
1437	1438
1439	737
1439	884
1440	195
1440	1441
1440	372
1442	195
1442	1441
1442	372
1443	195
1443	1441
1443	372
1444	195
1444	1441
1444	372
1088	748
1088	580
1088	577
1088	1081
1445	748
1445	734
1445	1446
1071	748
1071	1084
1447	749
1448	1449
1448	730
1450	1449
1450	199
1451	586
1451	332
1452	332
1452	354
1452	1453
1452	1454
1455	332
1455	354
1455	1382
1455	1456
1455	292
1457	332
1457	354
1457	331
1457	282
1458	1459
1458	1460
1459	1311
1459	557
1459	629
1459	588
1461	891
1461	612
1461	857
857	891
1462	891
1462	1461
1462	857
1462	1463
1464	1065
1465	1065
1465	558
1466	1065
1466	877
1466	878
1467	1065
1220	1065
1220	329
1220	1222
131	1065
131	85
131	205
852	1065
1468	730
1468	1419
1468	1418
1468	1469
1470	730
1470	1471
1472	1473
1472	1474
1472	1475
1472	1476
1472	1477
1473	615
1478	1473
1478	615
1479	615
1479	12
1480	615
1480	12
1481	615
1481	12
1482	1033
1482	1040
1482	352
1482	1483
1484	1257
1484	485
1485	1257
1485	778
1485	779
1485	1486
1485	1487
1488	1257
1488	1270
1488	1312
1487	1257
1487	1258
1487	1270
1487	779
1487	1312
1489	1257
1489	492
1489	1270
1489	1256
1489	1490
1491	1257
1491	1270
1491	1492
1493	1257
1493	1258
1493	1142
1492	1257
1492	362
1492	1270
1492	1488
1494	1258
1494	1031
1494	1133
1494	1270
1258	492
1258	1147
1143	1258
1143	1142
1146	1258
1146	1142
1146	1143
1495	1496
1495	1497
1495	1498
1495	1234
1495	1499
1496	1498
1496	1234
1496	1500
1500	1496
1498	1496
1501	1496
1501	1497
1501	765
1501	1502
1497	1496
1497	1498
1497	1234
1497	1503
1497	1148
1504	1496
1504	1498
1505	1497
1505	1503
1506	1497
1506	1507
1506	1508
1509	1497
1509	1498
1509	481
1510	1497
1510	1498
1510	1507
1510	1508
1507	1497
1507	1500
1503	1497
1503	1234
1499	1497
1499	1498
1499	1234
1499	1503
1511	765
765	1512
765	1513
1514	765
1515	765
1516	623
1516	1170
1516	840
1516	892
1517	626
1517	1518
1517	1519
1518	626
1520	626
1520	592
1521	1470
1521	558
1521	1522
1523	1470
1523	1524
1523	1522
1525	1470
1525	1067
1525	1300
1525	871
1524	1470
1524	1522
1522	1470
1522	568
1522	558
1522	1321
1522	1524
592	1082
592	881
863	592
1526	592
1526	880
1527	1528
1527	1529
1528	1082
1528	870
1530	823
1530	472
1530	1055
1530	474
840	823
1531	1532
1533	961
1533	266
1533	1534
1535	961
1535	1536
1535	1537
1538	961
1539	705
1539	1540
1539	1541
1539	977
1539	1542
1543	705
1543	704
1543	1544
1543	706
1542	706
1545	294
1545	342
1545	359
1545	319
1546	1547
1546	1424
1546	1426
1546	1427
1547	1424
1547	1426
1547	1427
1547	1548
1425	1547
1425	306
1425	1204
1549	1550
1549	1551
1549	1552
1550	1553
1550	1554
1555	1550
1555	1553
1555	1556
1557	1550
1557	1553
1557	1558
1557	1559
1557	1560
1552	1550
1552	1553
1552	1554
1552	1551
1553	1550
1551	1550
1551	1554
1561	1553
1562	1553
1556	1553
1563	1323
1563	1564
1564	1323
1565	830
1565	472
1565	579
1565	474
830	1215
1566	176
1566	808
1566	1567
176	629
1568	176
1568	598
1568	1433
1569	176
1569	1570
1569	1571
1572	176
1572	1441
920	176
920	904
920	1337
1573	176
1573	394
1573	904
1574	176
1574	1571
1571	176
867	176
867	861
473	176
473	904
473	474
904	176
904	579
1570	176
1570	1571
1575	176
1575	394
1576	176
1205	176
1577	669
1577	967
1577	965
669	1578
669	681
1579	669
1579	657
546	547
1580	546
1580	1581
1582	546
1583	546
1583	547
1584	547
1584	1585
1586	547
1587	547
1587	1585
1581	547
484	141
484	1588
897	141
897	142
1589	1590
1589	1167
1589	1168
1589	329
1590	1591
1592	1590
1592	1203
1592	1082
1593	329
1593	1594
1593	802
1595	329
1595	1379
1595	1220
1595	1094
1379	329
1379	1224
1596	329
1596	1379
1596	1057
1597	329
1597	1220
1224	329
1224	1222
1598	329
1598	1599
1599	329
1600	9
1600	146
1600	244
1601	9
1601	156
1601	241
1601	146
1602	9
1602	241
1602	146
1603	9
1604	156
1604	1605
1604	1606
1604	198
1604	1607
1608	156
1608	1605
1608	1606
1608	155
1609	156
1609	28
1609	177
1610	156
1610	28
1610	177
1611	241
1611	1612
1611	1613
1611	108
1611	1614
1615	241
1615	413
1615	207
1616	146
1616	244
1617	1207
1618	1619
1618	1307
1619	1307
1619	558
1619	1319
1619	1618
1619	1306
1307	1294
1307	558
1620	1621
1622	1621
1623	1624
1623	481
1623	1625
1624	481
1626	1624
1626	481
1627	1628
1627	1629
1627	1630
1627	1631
1627	255
1628	253
1628	254
1628	255
1629	1628
1629	1632
1629	254
1629	1631
1629	255
1633	852
1633	1634
1633	1635
1633	1636
1637	1311
582	1294
582	558
582	1638
1639	582
1639	1537
1638	582
1055	582
1640	582
1640	1139
1077	582
1077	1055
1077	1084
1641	582
1294	558
1642	1294
1642	558
1295	1294
1295	557
1295	1360
575	1294
575	561
575	1643
575	569
558	1294
1644	1294
1644	1643
1644	569
1644	1645
1644	1646
1643	1294
1296	1294
1296	568
1296	557
1647	1294
1647	1642
1647	557
722	330
789	722
1648	722
1648	1649
1650	722
1650	789
1649	722
1331	722
1352	722
1651	578
1651	473
1651	1652
1651	1653
578	473
578	1652
578	1653
1654	578
1654	752
1654	1655
1653	578
1653	473
1653	1652
1384	578
1656	1075
1075	1657
1658	1075
1658	1659
1658	1660
1658	1661
1658	1657
1662	1075
1662	1663
1662	1657
1662	1664
1213	1075
1213	1657
1213	1212
1213	1211
1663	1075
1663	1657
1665	1075
1665	1663
1665	1657
1665	1664
1657	1075
1664	1075
1664	1657
1666	1075
1666	1663
1666	1665
1666	1657
1666	1664
1180	394
1180	1135
1180	605
1180	378
1667	394
1668	394
1669	394
1669	337
1670	330
593	330
593	1358
593	1225
1009	330
1201	330
1671	695
1672	1237
1672	501
1672	1151
1673	1674
1673	1675
1673	1676
1673	1677
1678	1674
1678	1586
1678	1675
1678	1676
1678	1679
1677	1674
1677	1675
1677	1676
1680	1674
1680	1587
1680	1585
607	1681
1681	607
1682	884
1683	884
1683	904
855	884
855	261
1684	607
1684	894
1684	1205
1052	607
1685	607
1686	1687
1686	1295
1687	562
1688	1689
1688	1295
1688	561
1688	562
1689	1295
1689	557
1689	561
1689	562
1690	1689
1690	1691
1690	1692
1690	1693
1659	903
1659	1660
1659	1359
1659	1661
1694	1659
1694	1660
1694	1661
1694	414
1695	1297
1695	1642
1695	1688
1695	1691
1696	903
1696	915
1697	903
1697	1693
1697	559
1697	1698
1699	903
1700	903
1700	1701
1702	903
1702	1313
1702	1315
1316	903
1316	558
1316	560
1316	1314
1703	903
915	903
1704	903
1704	905
1705	903
1705	362
1705	1133
1705	1280
1705	771
1692	1706
1692	1707
1692	1321
1708	1660
1708	557
1708	770
1660	557
1660	770
1660	1296
1709	1660
1709	557
1709	90
1710	1660
281	1660
281	1296
770	1660
770	281
770	1296
1646	1642
1646	1643
1646	1645
1646	1644
563	1295
563	561
563	562
1691	1688
1691	561
1691	562
1691	1316
414	1661
414	1711
996	995
1712	995
1712	1260
1712	1229
1713	995
1713	1260
1713	1229
1229	995
913	995
997	995
1248	88
1248	1160
1248	557
1248	484
1714	88
1714	1014
1715	88
1715	1014
1715	466
1715	1588
1160	182
881	557
881	904
557	558
557	770
1354	557
561	557
561	562
562	557
562	561
1716	484
1716	493
1716	13
1717	85
1718	85
1718	180
1718	205
1718	86
1718	204
1719	85
1719	204
1719	137
1720	85
1720	180
1720	205
1720	86
724	85
724	205
724	86
724	204
724	1721
1722	85
1722	77
1722	724
1722	137
205	85
205	131
77	85
77	133
77	180
77	318
1723	85
1723	724
1723	137
1724	85
1721	85
1721	86
1721	131
1725	85
1725	180
1725	205
1725	86
1725	204
1234	1498
1726	1234
1726	709
1726	1727
1726	1266
1728	1729
1728	1581
1729	1581
1729	1580
1730	1731
1730	1732
1730	1376
1732	1731
1732	1376
1733	1732
1733	1376
1733	676
1733	1275
1733	434
1734	1376
1734	1735
1734	1736
1737	1376
1738	1376
1738	1578
1738	1739
1738	1740
1738	1733
355	1143
355	1146
1741	1742
1741	1743
1742	1743
49	1742
49	50
49	1743
1744	1742
1744	1741
1745	1741
1745	50
1745	1746
159	1741
159	50
1747	1741
1747	50
1747	1746
1747	159
1748	50
1748	1744
1203	694
1203	870
1749	1203
1750	1371
1750	1751
559	1752
1752	559
1753	45
1753	4
1753	124
1753	217
1753	184
1754	45
1754	118
124	45
217	45
217	124
1755	1756
1755	1757
1756	1758
1759	1757
1759	1760
1759	1761
1762	1763
1762	1764
1762	1765
1762	1766
1767	1763
1767	1764
1767	1765
1767	1768
1764	1763
1764	1765
1764	1769
1766	1763
1766	1764
1766	1765
1766	1769
1768	1763
1768	1764
1768	1765
1769	1763
1769	1764
1769	1765
1770	1764
1770	1765
1770	1768
1771	731
1771	1772
1771	1536
1771	1535
1773	731
1774	1772
1774	820
1774	612
1774	892
1774	1775
1776	1772
1776	1055
1776	734
734	1772
734	1055
734	733
1777	1772
1777	1535
1777	612
1777	892
1777	1775
1186	1772
1536	1778
1474	1779
1474	1780
1701	1474
440	1781
1781	1782
1781	501
1783	1781
1783	1784
1783	1210
1785	558
1785	1786
1787	558
1788	558
1788	569
1789	558
1789	1790
1791	558
1791	497
249	558
1792	138
1793	744
1793	1794
1795	744
1795	1796
1795	1794
1796	744
745	744
1797	1796
1798	1040
1798	1035
1798	1031
1483	1035
1483	1031
1483	352
1483	1799
1800	1035
1800	352
1800	1801
1800	1799
1800	1802
1803	1035
1803	352
1803	1799
1803	1802
1804	1031
1805	1031
1805	352
1805	1803
1806	1031
1806	1805
1806	1807
1808	1014
1808	1099
1808	1391
1809	1014
1810	1014
1811	1130
1811	182
1812	1714
1812	1588
1812	1813
1814	466
1814	182
466	1715
1815	466
1815	1816
1816	466
1816	1817
1816	1818
1819	1588
1819	182
1819	1629
1819	1820
1819	485
1817	182
1817	1821
1817	1343
1817	1822
1823	182
1823	1128
1823	1824
1825	182
1825	1821
1825	1343
1825	1822
1826	1760
1826	1827
1760	1828
1760	1829
1760	1830
1831	1760
1831	1827
1831	1832
1831	1829
1831	1833
1834	1760
1834	1835
1836	1760
1836	1832
1836	1829
1836	1830
1837	1760
1838	1760
1829	1760
1829	1830
1829	1839
1833	1760
1833	1840
1833	1827
1833	1829
1833	1830
1841	1760
1841	1827
1841	1842
1843	1760
1843	1844
1512	1760
1512	1840
1512	1827
1512	1832
1512	1829
1845	1761
1845	1846
1761	1837
1847	1761
1847	1846
1848	295
1848	54
1849	295
1849	360
1850	295
1850	360
1850	1849
1851	360
1851	1410
1851	779
1851	1312
762	763
1453	202
1852	1188
1853	1854
720	314
1855	1856
1855	1857
1856	1855
1858	1857
1859	1857
1859	1559
1860	593
1860	889
1861	1862
1861	1133
1863	1862
1863	1038
1863	1864
1864	1862
1864	1038
1864	1863
1865	911
1865	1133
1865	841
1865	1639
780	1866
780	362
780	904
780	778
1866	362
1866	780
1867	362
1867	1133
1868	362
1868	1869
1868	1870
1273	362
1460	362
1460	1133
1460	1486
1460	1871
1872	362
1872	1337
1873	1049
1874	1869
1874	596
1875	1869
1875	1876
1875	1236
1877	1876
1878	1382
1878	1417
1417	77
1417	262
1879	1417
1879	262
1880	408
1880	409
1880	1881
1880	1882
1880	227
427	408
427	426
428	408
428	89
1883	1358
1884	1358
1884	1885
1884	1304
1884	1886
1885	1358
1887	1358
1887	303
1887	1225
1887	371
266	1888
266	1889
266	1890
1891	266
1892	266
1892	493
1892	1893
1892	702
1892	1894
493	266
493	702
31	266
31	28
31	3
1895	266
1893	266
1893	493
1894	266
1894	493
1260	266
1260	1672
1260	1896
1260	997
1890	266
1890	1888
1890	1889
1897	266
1897	1898
1275	434
1899	1275
1899	497
1899	434
1899	1120
511	1900
511	529
511	530
1900	528
1900	527
1900	1901
529	1900
529	423
1901	1900
1901	528
1901	523
1901	1009
1902	528
1902	423
1902	529
1902	530
1903	1009
1904	1009
1904	752
1904	1905
1904	1906
1904	1654
1907	1009
1907	511
1907	1901
1908	1009
1909	1009
1910	1009
1911	1009
1912	1009
1913	1009
1914	1009
1914	511
1914	529
1915	1009
1916	1009
1917	1009
1189	1009
1189	867
1918	1009
1010	1009
1011	1009
1011	1010
273	333
273	1441
273	373
791	274
791	792
1919	598
1920	598
1920	1057
1920	774
1920	1921
599	598
599	1537
1922	598
1922	473
1922	1057
1922	774
1922	1923
1924	561
1924	1693
1924	1360
1925	561
1925	562
1925	1926
1927	1518
1927	627
1928	1929
1928	723
1928	1537
1928	1930
1928	1931
1932	1929
723	1929
723	1931
723	1933
1931	1929
1931	723
1931	1537
1931	378
1933	1929
1933	723
1933	1537
1933	352
1933	378
1934	410
1935	25
1935	1936
25	28
25	26
1937	25
1937	1936
1937	121
1938	25
1938	1936
26	25
26	28
1936	25
1939	25
1939	203
1939	1940
1881	25
1941	25
1941	1936
1942	510
1942	521
1942	522
521	510
521	522
1923	473
1923	1057
1923	774
1923	1922
1943	473
1943	1057
1943	1923
1943	1922
1944	473
1944	580
1944	577
1652	473
474	473
1082	473
1082	474
1820	473
1945	692
1945	684
1945	685
1946	1947
1946	1948
1946	727
1946	1949
1947	811
1948	811
1948	1016
1949	487
1949	1224
1949	1222
1950	1419
1950	1418
1950	1421
1951	1952
1951	1953
1951	1954
1951	1955
1951	1956
1952	1957
1952	1958
1952	1959
1957	1952
1960	1951
1960	1961
1962	1951
1962	1963
1962	1953
1962	1954
1962	1957
1964	1951
1964	1953
1964	1962
1964	1961
1964	1965
1954	1951
1954	1963
1954	1953
1955	1951
1955	1953
1966	497
1966	434
1966	1967
497	434
497	1225
497	1967
497	1968
1969	497
1969	1787
696	694
696	1131
1970	694
1970	853
864	904
864	881
1971	904
1971	881
1972	904
1215	904
1215	474
1215	1231
1053	904
1973	1782
1974	1782
1974	490
1974	443
1975	393
1976	393
1976	391
1977	434
1977	1164
1978	434
1978	1657
1979	434
1979	1980
1979	1981
1982	434
1982	1967
981	434
1155	434
1120	434
379	434
379	1441
485	434
485	440
1225	434
435	434
435	1983
1967	434
1984	434
1984	372
1279	434
1279	1277
1985	477
1985	1899
1985	1986
1987	477
1987	1899
1987	1120
431	477
1986	477
1986	431
1986	476
1986	1988
1989	1134
1989	1990
1989	1210
1991	1134
1991	1179
1992	440
1992	203
1992	82
1993	440
1994	820
820	378
820	929
1995	820
1995	579
1996	820
1996	1997
1981	820
1981	443
1253	358
1253	1433
888	1997
1998	574
1998	1317
1999	574
1999	1317
2000	1692
2000	1321
2000	1322
2001	600
2002	179
2002	7
677	7
2003	924
978	924
978	377
2004	924
2004	612
2005	1379
487	1379
487	1224
2006	303
2006	326
1227	303
1227	1225
2007	303
2007	1225
2007	371
2007	363
2008	303
2008	1225
1886	1225
2009	357
2010	524
2011	133
2011	180
2011	318
2011	77
2012	133
2012	701
121	2013
121	191
121	202
121	171
2013	202
2013	121
2013	2014
1141	411
2015	279
2016	1418
2017	325
2018	1424
2018	414
2018	1354
1739	1424
1739	2019
1739	492
1548	1424
1280	1703
1280	771
1315	1313
1315	1702
2020	185
2021	185
2021	5
2022	1133
2022	2023
2022	2024
2022	2025
2026	1861
2027	1861
2028	1099
2028	170
2029	1099
1391	1099
1391	2030
1100	1099
1100	485
1100	2031
2019	1099
2030	1099
492	491
492	1147
2032	2033
2034	603
2034	385
2035	837
2036	143
2036	897
2036	1057
2036	926
2037	1657
2038	1657
2038	1212
2038	1213
2039	1657
2039	2040
2041	1657
2041	281
2041	1296
2042	1657
2042	491
2042	1142
2043	1657
2043	491
2043	1142
2044	1657
2044	491
2044	1142
2045	1657
1212	1657
1212	1114
1212	2046
2047	1657
843	1537
843	842
843	1094
843	1038
2048	842
2048	843
2048	1038
481	1625
2049	481
2049	2050
2049	2051
2050	481
2050	1625
2050	1626
2052	481
2052	1625
2051	481
2051	1625
2053	481
1116	481
1116	2050
1116	1626
1137	1136
1138	1136
1138	1137
2054	2055
2054	2056
2054	1338
2054	1737
2054	1339
2055	1337
2055	2056
2056	2055
2056	1337
2056	1026
2056	614
2057	1212
2057	1114
2057	1213
2057	2058
2057	2046
2059	190
2059	1013
2060	190
2061	190
2061	1727
3	190
3	28
3	31
2062	190
2062	1098
502	501
502	503
2063	501
2063	1993
2064	501
2065	1270
2066	1304
2066	1296
2066	2067
2068	1139
894	1139
2069	1629
2069	1632
2069	255
254	1629
254	1632
255	1629
255	1632
255	254
255	1631
2070	1632
15	64
2071	16
2071	250
2071	144
2072	1634
2072	2073
2072	2074
1634	2074
2075	1634
2075	2076
2077	1634
2077	2076
2078	1634
2078	2073
2078	602
2079	1634
2079	2073
2079	2074
2080	1634
2080	2081
2080	2082
2080	2083
2080	2084
2076	1634
2081	1634
2081	2082
2081	2083
2081	2084
2082	1634
2082	2073
2082	2074
2082	2085
1636	1634
1636	2074
2085	1634
2085	2081
2085	2073
2085	2074
2083	1634
2083	2081
2083	2082
2086	28
2086	3
2086	31
2087	28
2087	3
2087	36
2087	108
2087	409
2088	1140
2088	2089
1140	2090
2090	1140
2091	423
2092	423
2092	1901
2092	1902
2092	2093
2023	778
2023	2094
2023	1486
2023	2024
778	780
2024	778
2095	778
2096	12
2096	409
2097	12
2097	2098
2097	2099
2097	1481
2099	12
2099	2098
2099	1479
1348	12
1348	2100
1348	2101
2102	29
2103	411
2104	1142
2104	2105
467	1142
2106	1142
2106	1143
2106	1146
2107	1142
2107	1672
2107	2108
1312	1410
1312	779
2109	474
565	474
2110	1073
308	1042
2111	308
2111	1042
779	308
779	1312
2112	308
2112	1312
2112	351
2113	308
2113	1312
2113	2112
853	425
655	1057
655	1567
645	655
2114	191
2114	26
2114	22
2115	191
2115	413
2115	6
2115	2116
2117	191
2117	244
2118	191
2118	202
2118	213
2119	191
2119	244
2119	33
2119	221
2119	2120
2120	191
2120	244
2120	221
2120	2119
2121	191
2121	244
2122	191
2122	244
413	191
413	2
2123	1844
2123	1837
2124	1844
2124	1026
2124	2125
2124	2126
1026	1844
1336	1844
1336	2127
1336	2128
2129	1844
2130	2131
2132	512
2132	1901
2132	1902
2132	2133
2134	612
2135	612
2136	612
2136	892
2136	1775
2136	2004
2136	1777
1062	612
2137	612
2137	1062
2137	1461
1463	612
1463	1461
1463	857
2138	612
1775	612
1775	1461
1775	857
2108	1672
2108	2107
2108	2139
2108	1260
2139	2108
2139	637
2140	352
2140	1972
352	2141
2142	352
2142	1799
2143	352
2143	2141
2143	1805
2143	1807
2143	1803
2144	352
2144	1807
2145	352
2145	2146
2145	2141
2145	2147
2146	352
2146	2141
2146	2147
2148	352
2148	1801
2148	1805
1802	352
1802	1801
1802	2149
1802	2150
1802	1803
1807	352
2151	2152
2151	1380
2152	485
2153	372
2154	2050
2154	2052
2154	1626
1268	1281
2155	1384
2155	160
1385	1384
1385	792
2156	1791
2157	2
2157	3
2157	151
158	2
158	151
79	2
2158	651
2159	651
1707	1321
2160	449
2161	2162
2163	1131
2163	379
2163	2164
2165	1052
2166	1052
2166	2165
2167	2168
80	79
1813	164
2116	164
2116	6
2169	934
2170	595
595	596
595	249
2171	596
2171	2172
2171	905
2171	619
2173	596
2173	249
2174	2073
2175	3
2175	2176
2177	3
2177	413
2177	2178
2179	193
1567	1057
774	1057
2180	1057
2180	1066
2180	2068
2181	566
2181	1337
2182	1433
2183	382
2183	1438
2183	1197
2184	382
2185	2186
495	1859
1612	2187
2188	1612
2188	1613
2188	1614
2188	2187
1614	1612
2187	1612
2189	700
2189	2190
2190	700
2191	2192
2192	2191
2193	1143
2193	2022
2193	2194
2193	2111
2193	2195
1780	1779
1779	1780
2196	1779
2197	2198
2199	2200
2200	2199
2201	2141
2201	1801
2202	2203
2202	2204
2202	2205
2203	2204
2205	2203
2204	2206
2207	2204
2207	2206
1147	1151
2208	1151
2208	1930
2208	2209
2210	202
2210	2211
2210	2212
2210	122
2213	202
2213	121
2213	2211
2213	2212
2214	202
2214	227
2014	202
2014	2118
2215	202
2215	121
2215	2211
2215	2212
2215	228
2212	202
2212	121
2212	2216
2217	202
2217	121
2217	2211
2217	2212
2217	122
2218	202
2219	203
2219	2220
30	203
30	92
30	247
30	225
2221	203
2222	203
2222	8
2222	1939
2223	203
2223	92
2223	247
2223	225
2224	203
2224	247
2224	225
2224	2225
2224	2226
2227	203
2227	41
2227	5
2228	41
2228	167
2228	2225
2229	41
2229	82
2229	1373
2229	33
2229	167
1940	41
1940	225
1940	82
2230	1538
1655	1905
1655	1654
86	205
86	131
2231	734
1446	734
2232	244
2232	102
2233	564
2233	422
2234	2235
2234	2236
2234	2237
2235	2236
2235	2237
2238	2235
2238	2239
2238	2236
2238	2237
2240	2241
2240	2034
72	2241
72	2242
72	385
2243	498
2243	499
499	498
64	2244
2245	64
2245	2244
2244	64
2246	2227
2246	1187
2246	246
2098	2097
2247	883
2247	2248
883	875
2248	883
2249	2250
2249	2251
2250	13
409	2250
409	535
535	2250
229	2250
2252	2250
2252	31
2252	232
2253	1153
2254	1576
2255	1281
2256	2257
2258	1758
2259	1187
2260	1438
1204	425
1204	402
2261	1963
2261	2262
1963	1953
2262	1963
2262	1801
2262	2148
2263	1953
2263	1955
2263	1965
1953	391
1953	1956
2264	1953
2264	1964
2264	1965
1965	1953
1965	1955
1965	1964
2265	1953
2265	1801
2265	1805
2265	2149
2265	1807
2266	619
2266	249
2266	1788
2267	246
2267	2268
2267	2221
2267	2222
2267	1881
2269	1192
2270	2271
2270	2067
2270	2040
2272	2271
2272	2273
2274	2271
2274	2275
2275	2271
2275	2274
2276	2271
2276	2277
2276	2275
2278	1066
2278	1460
2279	1460
2280	248
2280	2281
1162	248
1162	2282
2283	1260
2283	637
2067	1296
2067	2040
2284	2285
2284	2286
2287	2285
2287	2288
2288	2285
2288	2289
2288	2290
2288	2286
1905	2291
2031	1578
1578	2292
89	4
89	46
89	2293
89	2294
2295	89
2296	1000
2296	1898
2297	1159
2298	2299
1519	627
1519	2259
2300	1801
2300	1806
2301	1801
2301	1800
2301	2302
2150	1801
2150	2149
2150	1807
2303	1801
2303	2301
2303	2150
2304	1420
2304	794
2074	698
2305	1980
2306	1980
2306	1981
2306	1154
2307	2308
2307	2309
2307	2310
2308	2310
2309	2310
2311	522
2311	2312
861	629
861	384
2313	1558
1558	2313
2314	1558
2314	1557
2314	1559
892	2315
2316	892
2316	617
2316	890
2317	1104
2317	480
2318	2273
2319	1312
2319	2320
2321	1312
2321	2320
2321	2319
2321	2110
2321	2111
2322	378
2322	2323
2323	378
93	253
93	8
2324	1504
1502	1504
1502	1501
2325	1337
2326	1337
2326	1872
1338	1337
258	4
258	199
258	5
2327	4
2327	62
2328	4
2328	2329
2330	4
2330	2331
2329	4
2329	36
2329	200
2329	201
2332	637
2332	2333
2334	1053
2334	147
2335	147
2336	147
2337	419
2337	1239
2338	36
1058	1567
1058	269
2339	262
2340	1855
2341	1955
1594	2342
1002	1594
1956	391
2343	249
2344	249
2345	249
2320	1042
2346	709
2346	1727
2346	2061
2347	709
2347	1726
1727	709
1727	2061
1266	709
1266	1726
1266	2347
2348	1820
82	213
2349	82
2349	2211
2349	128
2349	2350
2349	2351
2352	1421
2353	1372
1613	124
973	670
973	939
1476	1098
1476	1817
1476	1030
2354	802
2355	2313
2356	8
2356	2350
2350	8
2350	2211
2350	128
2350	2349
1004	2357
2358	1004
1896	1867
1896	2359
2359	2360
2359	1896
2359	2361
2359	2362
2359	1840
1840	2359
1840	2361
1840	1829
1840	1830
1840	2363
2364	1817
2364	683
2364	653
2364	2365
1477	1030
1477	1476
1477	1478
2366	2319
2366	2023
2366	2094
2367	996
2368	121
2368	2212
2368	2369
2216	121
2094	2023
2094	1486
2025	2023
2025	2024
2025	2022
2370	1486
2370	2110
2195	2024
2195	2111
2195	2193
2195	2371
2372	2373
2372	2374
1469	745
2375	2376
2377	2378
2379	2380
2381	530
2382	1106
2383	1746
2384	680
2384	2385
2384	682
2384	468
2384	2164
2386	2385
2386	2387
2388	2389
1824	1780
2390	493
2390	772
2391	54
2392	54
2393	54
2394	2395
2394	2396
2395	2396
2360	2362
2361	1840
2363	2361
2363	1840
2363	1829
2363	2397
2363	2398
2399	2400
2400	2401
2400	1809
2402	2400
2403	2404
2404	848
2405	781
2405	1018
2406	781
2406	1018
2407	2408
2408	1155
1821	1824
2409	2410
2411	2103
2412	37
2412	2413
2413	37
2413	199
2413	2412
2414	681
2414	682
2415	808
2416	1026
2416	2286
2417	1026
2417	1148
2417	2418
2419	684
2420	1824
2421	1824
117	30
2294	46
2294	213
2294	2293
2422	2157
2422	2251
170	1100
2423	26
2423	197
2423	1724
2424	26
2425	26
2425	197
2425	1724
2426	2427
2428	2427
2428	2426
2429	1993
2430	1993
2430	441
2431	98
98	99
2432	2433
2432	2434
2435	1254
2436	1354
2437	223
2437	543
2438	1336
2438	2439
2127	1336
2127	2128
2440	1336
2440	2441
2440	2442
2440	2289
2439	1336
2442	1336
2442	2443
2442	2444
2443	1336
2443	2444
2128	1336
2125	1336
2125	2445
2125	2126
2446	2447
2446	2448
2447	2448
2449	2447
2449	2448
2448	2447
2450	829
2451	829
873	1591
2452	686
2453	2454
2453	170
2453	168
2453	2455
2456	2457
2456	2458
2456	2459
2458	2457
2458	2459
2459	2457
2459	2458
2460	2315
2461	404
2461	2031
2462	2463
2462	2464
2463	2464
2464	2463
2464	2465
2466	2463
2467	2464
716	2464
2357	406
2468	2067
2469	2067
2469	2040
2365	1822
2365	2364
2365	2196
2470	1822
2470	1264
542	104
2471	1559
2472	2473
2474	1179
2474	1991
2475	158
2475	2476
2476	158
2477	2478
2479	1042
2479	2480
2481	2393
2481	2111
2482	2301
2482	1800
2483	1784
1675	1676
1675	1679
1679	1675
1679	1676
1676	2484
2485	1114
2486	1114
1214	1114
1214	1213
2046	1114
1456	2016
2058	409
2487	2060
2487	2488
2489	485
2489	2418
458	1983
1239	2490
1239	2491
2492	1239
2493	1239
2494	1239
2494	2337
2494	1895
2495	1239
2491	1239
2491	211
2496	1239
2496	2337
2497	5
2498	5
2498	207
2498	183
2498	232
2499	2500
2499	2501
2502	421
2502	422
2502	420
2503	403
2504	2505
2455	170
2455	168
2506	1109
2507	80
2507	2218
2508	2509
2510	939
2510	2511
2511	939
2512	939
2512	2100
2513	2031
2513	2292
2514	2515
2516	2517
2333	2517
2239	2236
2239	2237
2236	2239
2236	2237
2518	2239
2518	2236
2518	2519
2520	483
2521	33
2522	269
2522	13
2522	214
653	683
2523	1635
2524	1727
2525	73
2525	74
228	2526
2527	1147
2527	2528
2529	2530
2531	187
2531	2532
2532	187
2532	188
2533	101
2534	1564
2535	2536
2537	916
2538	1334
2539	2540
2540	2541
2540	2542
2542	2540
2542	2541
2543	2544
2544	2543
2374	2545
2546	2547
2548	2549
2550	2551
1230	998
1230	999
2552	1013
2552	2553
2554	2555
2556	2557
2558	2559
2560	2559
2398	1335
2561	1302
2562	2563
2564	2351
2564	2121
2565	117
2565	118
2565	240
2566	117
2566	118
2566	240
2566	2567
68	118
68	245
759	118
759	240
759	102
2568	200
2569	2095
2570	610
2571	754
2572	2573
2371	2573
2574	2575
2441	2440
2441	2442
2576	2440
2577	2289
2289	2290
2578	2290
2579	2012
2580	2040
2220	213
2293	213
2581	214
2582	219
2583	2212
2583	2369
2584	2020
2584	167
2584	226
2584	2585
2586	2020
2586	167
2586	226
2586	2585
2587	228
2587	2588
2588	228
2588	2587
2589	887
2589	2590
2591	222
2592	2225
2592	2224
2592	2593
2594	2224
2594	2226
2595	2596
2597	2598
2599	2331
2600	2331
2601	2602
2603	2604
2605	2606
2607	2608
2609	2610
2611	2612
2611	2613
2614	2612
2614	2615
2613	2612
2615	2612
2615	2613
2616	2617
2618	2619
2619	2618
1363	1154
1363	1243
1243	1154
1243	1363
2620	2621
2622	1828
2623	1828
2623	1842
2623	2624
1827	2129
1842	1827
2625	2626
2626	1832
2627	2626
2627	2624
2627	2628
2629	1832
1832	1829
2630	1832
2630	2397
2630	2631
2630	2632
2633	1832
2633	1829
1830	1832
1830	1829
1839	1832
1839	1829
1839	2397
2631	1832
2632	1832
2634	1832
2634	2631
2634	2635
2635	1832
2635	2631
2635	2634
2636	2637
2636	2638
2638	2637
2639	1838
2640	1759
2641	1829
2641	2642
2643	1829
2643	2397
2644	1829
2644	1830
2644	2397
2624	1829
2397	1829
2397	2642
2645	2487
2646	2647
2646	2648
2646	1835
2646	2649
2650	2624
2650	2628
2628	2624
2628	2632
2651	2646
2652	2653
2654	102
2654	759
2655	2656
2655	2657
2656	2657
2656	2658
2657	2656
2659	2657
2659	2658
2658	2657
2660	2661
2662	2663
2664	1156
2664	1157
1157	1156
2665	2666
2667	2358
2668	2669
2670	2560
2671	1121
2671	1984
2671	1363
2671	1243
2672	504
2672	505
2672	1366
2673	2674
2673	2675
2674	2675
2676	2677
2678	1583
2679	2680
2681	2682
2302	1803
2683	1803
2684	252
2685	2465
2686	2164
2687	2688
2689	1264
2689	2690
1264	2470
1264	2691
1264	1263
2692	1264
2691	1264
2691	2470
2690	1264
2690	2470
2690	2691
2693	2694
2695	1540
2696	1540
2696	1541
2696	977
2696	1542
1541	1542
2697	977
2697	1542
2698	2699
2700	2701
2702	2703
2704	2705
2706	2512
1888	1889
2707	1888
2707	1889
2707	1890
1123	2707
