1	0
2	0
3	0
4	0
5	0
6	0
7	0
8	0
9	0
10	0
11	0
12	0
13	0
14	0
15	0
16	0
17	0
18	0
19	0
20	0
21	0
22	0
23	0
24	0
25	0
26	0
27	0
28	0
29	0
30	0
31	0
32	0
33	0
34	0
35	0
36	0
37	0
38	0
39	0
40	0
41	0
42	0
43	0
44	0
45	0
46	0
47	0
48	0
49	0
50	0
51	0
52	0
53	0
54	0
55	0
56	0
57	0
58	0
59	0
60	0
61	0
62	0
63	0
64	0
65	0
66	0
67	0
68	0
69	0
70	0
71	0
72	0
73	0
74	0
75	0
76	0
77	0
78	0
79	0
80	0
81	0
82	0
83	0
84	0
85	0
86	0
87	0
88	0
89	0
90	0
91	0
92	0
93	0
94	0
95	0
96	0
97	0
98	0
99	0
100	0
101	0
102	0
103	0
104	0
105	0
106	0
107	0
108	0
109	0
110	0
111	0
112	0
113	0
114	0
115	0
116	0
117	0
118	0
119	0
120	0
121	0
122	0
123	0
124	0
125	0
126	0
127	0
128	0
129	0
130	0
131	0
132	0
133	0
134	0
135	0
136	0
137	0
138	0
139	0
140	0
141	0
142	0
143	0
144	0
145	0
146	0
147	0
148	0
149	0
150	0
151	0
152	0
153	0
154	0
155	0
156	0
157	0
158	0
159	0
160	0
161	0
162	0
163	0
164	0
165	0
166	0
168	167
169	167
51	167
171	170
172	170
173	170
174	170
175	170
176	170
177	170
178	170
179	170
180	170
181	170
182	170
183	170
184	170
185	170
186	170
187	170
188	170
189	170
190	170
191	170
192	170
193	170
194	170
195	170
196	170
197	170
198	170
199	170
200	170
201	170
202	170
203	170
204	170
205	170
206	170
207	170
208	170
209	170
210	170
211	170
212	170
214	213
215	213
216	213
217	213
218	213
219	213
220	213
194	213
195	213
221	213
222	213
197	213
198	213
199	213
204	213
223	213
224	213
178	185
225	185
199	185
211	185
226	186
227	186
199	186
229	228
230	228
232	231
233	231
234	231
235	200
237	236
239	238
240	238
241	238
242	238
239	241
243	241
242	241
244	164
245	164
246	164
8	164
247	164
248	164
52	164
249	164
250	164
251	164
216	164
252	164
253	164
81	164
254	164
255	164
256	164
257	164
258	164
96	164
259	164
260	164
261	164
262	164
263	164
264	164
212	164
266	265
267	265
268	265
269	265
270	265
271	265
272	265
273	272
267	272
274	272
275	272
276	272
277	272
278	272
279	272
280	272
281	272
282	272
283	272
284	272
270	272
285	272
286	272
287	272
288	272
289	272
290	272
291	272
292	272
220	272
293	272
294	272
295	272
271	272
296	272
297	272
298	272
299	272
300	272
301	272
302	272
303	272
304	272
305	272
306	272
307	272
209	272
308	272
310	309
311	309
312	309
66	309
313	309
314	309
315	309
316	309
318	317
319	317
315	317
312	320
318	320
319	320
315	320
317	320
322	321
315	321
323	321
325	324
326	324
327	324
328	324
329	324
325	1
330	1
329	325
325	331
330	331
332	331
334	333
335	333
336	333
338	337
339	337
173	337
340	337
339	341
342	341
343	341
344	341
345	341
347	346
348	346
349	346
350	346
351	346
352	346
353	346
232	346
354	346
355	346
356	346
357	346
358	346
76	346
359	346
360	346
361	346
362	346
363	346
364	346
365	346
366	346
367	346
368	346
369	346
370	346
371	346
372	346
373	346
374	346
375	346
376	346
378	377
379	377
380	377
381	377
382	377
383	377
384	377
385	377
386	377
268	377
387	377
388	377
389	377
390	377
391	377
392	377
393	377
394	377
395	377
396	377
397	377
398	377
399	377
400	377
401	377
402	377
284	377
403	377
404	377
405	377
406	377
407	377
408	377
409	377
410	377
411	377
250	377
412	377
413	377
414	377
415	377
416	377
417	377
418	377
419	377
420	377
421	377
422	377
294	377
423	377
424	377
298	377
425	377
367	377
426	377
427	377
428	377
429	377
430	377
431	377
432	377
433	377
434	377
435	377
436	377
437	377
438	377
439	377
440	377
441	377
442	377
443	377
444	377
445	377
447	446
448	446
449	446
450	446
451	446
452	446
453	446
454	446
455	446
456	446
226	446
457	446
458	446
459	446
460	446
461	446
6	60
35	60
39	60
462	60
40	60
44	60
463	60
464	60
465	60
101	60
123	60
466	60
151	60
153	60
160	60
465	464
468	467
469	467
470	467
471	467
472	467
474	473
476	475
478	477
214	477
480	479
481	479
483	482
485	484
311	484
479	484
481	484
487	486
488	486
489	486
479	486
491	490
492	490
17	490
66	490
493	66
311	66
494	66
495	66
496	66
475	66
497	66
498	66
493	499
322	499
489	499
251	499
313	499
500	499
501	499
502	499
503	499
504	499
506	505
507	505
508	505
509	505
510	505
511	505
512	505
513	505
514	505
506	515
516	515
517	515
518	515
519	515
521	520
522	520
523	520
524	520
525	520
526	520
527	520
529	528
530	528
531	528
532	528
507	528
533	528
534	528
535	528
454	528
536	528
537	528
538	528
539	528
540	528
541	528
356	528
542	528
543	528
359	528
513	528
544	528
545	528
546	528
547	528
368	528
548	528
549	528
371	528
372	528
550	528
552	551
553	551
554	551
555	551
556	551
557	551
558	551
559	551
560	551
61	551
561	551
562	551
563	551
564	551
565	551
566	551
345	551
567	551
569	568
570	568
571	568
572	568
556	568
573	568
574	568
559	568
561	568
575	568
576	568
577	568
578	568
580	579
581	579
582	579
583	579
584	579
585	579
586	579
587	579
588	579
589	579
590	579
591	579
592	579
593	579
594	579
595	579
596	579
598	597
600	599
601	599
580	599
602	599
581	599
582	599
583	599
603	599
584	599
402	599
604	599
587	599
605	599
579	599
590	599
606	599
607	599
608	599
609	599
591	599
610	599
611	599
612	599
593	599
594	599
595	599
613	599
596	599
615	614
616	614
617	614
618	614
382	619
615	619
601	619
620	619
621	619
280	619
622	619
623	619
290	619
624	619
614	619
617	619
618	619
625	619
626	619
303	619
627	619
620	617
624	617
614	617
618	617
627	617
629	628
630	628
631	628
632	628
633	314
634	314
635	314
637	636
638	636
639	636
640	636
641	636
498	636
642	483
491	483
643	483
498	483
644	500
645	500
479	500
484	500
481	500
642	481
491	481
646	481
647	481
649	648
491	648
646	648
650	648
479	648
651	648
652	648
653	648
655	654
656	654
510	654
657	654
658	654
660	659
661	659
662	659
663	659
656	659
510	659
664	659
665	659
666	659
667	659
668	659
669	659
658	659
670	659
671	659
660	668
656	668
667	668
659	668
669	668
658	668
670	668
671	668
529	672
673	672
674	672
370	672
675	672
677	676
533	676
678	676
679	676
680	676
681	676
682	676
683	676
684	676
685	676
544	676
686	676
687	676
688	676
689	676
691	690
692	690
693	690
694	690
695	690
696	690
697	690
698	690
673	690
699	690
700	690
701	690
702	690
703	690
704	690
705	690
706	690
708	707
709	707
710	707
711	707
560	707
712	707
711	713
495	713
496	713
560	713
673	713
715	714
4	714
5	714
716	714
717	714
718	714
275	714
719	714
720	714
721	714
722	714
723	714
395	714
724	714
725	714
726	714
727	714
398	714
400	714
728	714
729	714
730	714
731	714
408	714
732	714
733	714
734	714
411	714
735	714
736	714
418	714
737	714
738	714
739	714
740	714
741	714
742	714
743	714
744	714
745	714
746	714
747	714
748	714
749	714
299	714
425	714
750	714
751	714
752	714
753	714
754	714
755	714
756	714
159	714
435	714
438	714
757	714
758	714
440	714
443	714
759	714
761	760
762	760
763	760
764	760
765	760
766	760
767	760
17	760
768	760
517	760
769	760
673	760
770	760
457	760
771	760
738	760
772	760
79	760
773	760
774	760
701	760
518	760
104	760
775	760
776	760
777	760
778	760
369	760
779	760
780	760
781	760
782	760
763	783
516	783
768	783
771	783
784	783
785	783
779	783
708	512
709	512
786	512
787	512
505	512
788	512
789	512
779	512
790	512
709	791
370	791
786	792
673	792
512	792
773	792
793	792
712	773
795	794
710	794
512	794
700	794
796	794
712	794
798	797
554	797
799	797
800	797
801	797
361	797
362	797
802	797
564	797
803	797
804	797
759	797
322	315
66	315
313	315
501	315
806	805
808	807
809	807
810	807
812	811
813	811
246	811
814	811
815	811
816	811
817	811
819	818
708	818
820	818
275	818
821	818
508	818
572	818
822	818
268	818
823	818
824	818
470	818
825	818
269	818
826	818
827	818
828	818
829	818
287	818
664	818
830	818
831	818
467	818
256	818
832	818
774	818
474	818
833	818
834	818
631	818
835	818
811	818
816	818
836	818
430	818
837	818
838	818
839	818
841	840
842	840
843	840
269	840
844	840
845	840
467	840
846	840
847	840
745	840
834	840
816	840
848	840
849	840
850	840
851	840
853	852
378	854
326	854
800	854
389	854
855	854
395	854
856	854
397	854
184	854
346	854
185	854
54	854
857	854
858	854
831	854
415	854
189	854
220	854
192	854
859	854
230	854
260	854
203	854
860	854
205	854
861	854
261	854
223	854
427	854
862	854
434	854
212	854
864	863
866	865
867	865
868	865
869	865
870	865
200	865
871	865
371	865
872	865
356	565
873	565
874	565
547	565
876	875
877	875
878	875
879	875
880	875
881	875
882	875
864	875
883	875
884	875
885	875
886	875
790	875
887	875
447	459
889	888
569	890
571	890
558	890
573	890
510	890
560	890
455	641
891	641
892	641
893	641
460	641
455	892
894	892
895	892
896	892
891	892
897	892
893	892
455	893
897	893
892	893
455	806
892	806
893	806
898	658
899	658
656	658
900	658
654	658
659	658
901	658
669	658
902	658
670	658
903	658
905	904
734	904
906	904
907	904
908	904
382	626
620	626
621	626
616	626
280	626
622	626
402	626
909	626
624	626
614	626
619	626
618	626
910	626
911	626
627	626
600	912
913	912
914	912
283	300
828	300
291	300
272	300
916	915
917	915
634	915
635	915
652	915
276	303
272	303
347	918
919	918
920	918
921	918
347	922
531	922
571	922
492	922
476	922
780	922
675	922
781	922
923	345
924	345
925	345
562	345
926	345
824	927
928	927
929	927
930	927
931	927
932	260
933	260
856	260
934	260
189	260
935	260
203	260
261	260
223	260
255	935
183	203
937	936
177	936
800	936
186	936
249	936
938	936
219	936
939	936
175	940
941	940
856	940
942	940
225	940
943	940
944	860
716	860
945	860
404	860
946	860
740	860
714	860
947	860
945	205
948	205
194	205
202	205
949	205
212	205
951	950
952	950
953	950
831	950
954	950
955	950
196	950
198	950
210	950
956	950
957	950
945	861
244	261
171	261
958	261
175	261
932	261
937	261
933	261
176	261
951	261
959	261
177	261
960	261
246	261
961	261
962	261
247	261
389	261
963	261
179	261
855	261
964	261
965	261
966	261
967	261
968	261
856	261
184	261
52	261
185	261
969	261
249	261
934	261
226	261
970	261
250	261
971	261
189	261
972	261
225	261
938	261
973	261
974	261
975	261
219	261
191	261
220	261
193	261
195	261
196	261
976	261
255	261
256	261
977	261
744	261
198	261
947	261
200	261
201	261
202	261
259	261
260	261
203	261
936	261
860	261
861	261
223	261
262	261
206	261
978	261
979	261
980	261
862	261
981	261
943	261
209	261
211	261
958	223
174	223
7	223
982	223
183	223
397	223
983	223
184	223
226	223
215	223
415	223
190	223
740	223
220	223
984	223
227	223
198	223
947	223
203	223
860	223
205	223
262	223
978	223
427	223
985	223
986	223
987	223
376	223
182	262
978	262
800	988
389	988
965	988
989	988
939	988
212	988
249	206
936	206
978	206
194	978
227	978
936	978
991	990
992	990
993	990
994	990
452	995
691	995
996	995
705	995
998	997
454	997
999	997
1000	997
765	776
555	776
1001	776
1002	776
1003	776
769	776
1004	776
457	776
771	776
760	776
363	776
104	776
780	776
692	1005
1006	1005
457	1005
1007	1005
1008	1005
1010	1009
457	1009
1012	1011
1013	1011
964	985
353	985
1014	985
1016	1015
968	1015
216	1015
1014	1015
201	1015
985	1015
1017	1015
1018	1015
1020	1019
1021	686
1022	686
1023	686
548	686
1025	1024
1026	1024
1027	1024
870	1024
685	1024
1028	1024
1029	1024
1030	1024
1031	1024
1012	688
452	688
1032	688
996	688
776	688
1033	688
705	688
370	519
1035	1034
1036	1034
516	1037
577	1037
1039	1038
1040	1038
1036	1038
474	1038
367	1038
426	1038
1041	1038
1034	1038
661	1042
1043	1042
1045	1044
1046	1044
1047	1044
1048	1044
1049	1044
1050	1044
833	1044
1051	1044
1052	1044
1054	1053
842	1053
913	1053
1048	1053
833	1053
1051	1053
1055	1053
1056	1053
1058	1057
1059	1057
1060	1057
1061	1057
1062	1057
1063	1057
1064	1062
1058	1062
1065	1062
1066	1062
1067	1062
1068	1062
1069	1062
1061	1062
1070	1062
1072	1071
469	1071
1073	1071
470	1071
826	1071
467	1071
835	1071
1061	1071
818	1071
1074	1071
1075	371
871	371
1076	372
682	372
1077	372
1078	372
689	372
375	372
1079	1033
1080	1033
1081	1033
1082	1033
1083	1033
529	1084
1085	1084
531	1084
1086	1084
536	1084
356	1084
674	1084
1078	1084
1088	1087
1081	689
508	514
572	514
664	514
1089	514
1090	514
1092	1091
1094	1093
1095	1093
955	1093
597	1093
1096	1093
1098	1097
431	1097
432	1097
1099	1097
1099	431
1099	1100
431	432
1101	432
1099	432
958	943
1102	943
214	943
961	943
963	943
180	943
197	943
1104	1103
1105	1103
1107	1106
1108	1106
1109	1106
1110	1106
1111	1106
1112	1106
1113	1111
1114	1111
1108	1111
1109	1111
1110	1111
1115	1111
1106	1111
1116	889
1117	889
1119	1118
708	1118
573	1118
511	1118
787	1118
576	1118
701	1118
1121	1120
533	1120
1122	1120
1123	1120
1124	1120
1125	1120
1126	1120
1127	1120
1128	1120
1129	1120
1130	1120
1131	1120
79	1120
361	1120
803	1120
544	1120
545	1120
546	1120
1132	1120
1133	1120
1134	1120
995	1120
370	1120
686	1120
1135	1120
1137	1136
402	1136
599	1136
1138	1136
910	1136
334	1139
1140	1139
1141	1139
1142	1139
1144	1143
334	1143
333	1143
1145	1143
1146	1143
1147	1143
1142	1143
1139	1143
555	1148
1149	1148
61	1148
1150	1148
578	1148
61	1151
1150	1151
1153	1152
1154	1152
761	1155
1153	1155
761	781
1153	781
1156	872
761	872
1153	872
808	872
810	872
1157	872
1158	872
1159	872
977	872
200	872
1160	872
1161	872
1029	872
1162	872
1163	872
335	336
762	782
1075	782
762	706
3	163
1164	163
1165	163
1166	163
146	163
1167	163
956	163
1169	1168
1170	1168
1171	1168
1172	1168
67	1168
72	1168
1165	1168
956	1168
1174	1173
1175	1173
1165	1173
1166	1173
144	1173
147	1173
956	1173
1164	956
1176	956
63	956
1165	956
1166	956
798	1177
1178	1177
1180	1179
1180	1181
875	1181
1179	1181
1183	1182
1184	1182
1186	1185
1187	1185
1189	1188
1190	1188
524	1031
1191	1031
539	1031
540	1031
954	1031
879	1192
1193	1192
1019	1192
765	1194
351	1194
1195	1194
1196	1194
1197	1194
771	1194
1198	1194
772	1194
760	1194
518	1194
1199	1194
775	1194
366	1194
776	1194
777	1194
778	1194
369	1194
1200	1194
373	1194
521	1201
1194	1202
878	1202
1203	1202
1204	1202
881	1202
1205	1202
1206	1202
864	1202
1207	1202
1208	1202
875	1202
1209	1202
1210	1202
885	1202
1181	1202
521	1211
1212	1211
449	1211
799	1211
1213	1211
1214	1211
1215	1211
1216	1211
1217	1211
985	1211
675	521
1214	1212
483	1212
1219	1218
350	1218
1220	1218
1221	1218
1222	1218
872	1218
1224	1223
1225	1223
1226	1223
694	1223
1227	1223
1228	1223
1229	1223
1230	1223
700	1223
1231	1223
1232	1223
799	244
451	244
354	244
1126	244
1233	244
784	244
361	244
1234	244
685	244
1235	244
1133	244
1236	244
781	244
986	244
1211	1237
244	1237
1238	1237
1239	1237
1240	1237
542	1237
1241	1237
200	1237
793	1237
872	1237
376	1237
1242	944
419	944
1243	821
1245	1244
1246	1244
1247	1244
1248	1244
1250	1249
1252	1251
1253	1251
681	1251
1000	1251
1254	1251
684	1251
544	1251
920	1251
921	1251
352	1255
1249	1250
1256	1250
362	1250
1257	1250
1258	1250
577	1125
567	1125
903	1125
1260	1259
1262	1261
1263	1261
1225	1264
1265	1264
1267	1266
863	1266
887	1266
1268	880
1269	880
1270	880
557	880
1271	880
1264	880
924	880
1272	880
882	880
1273	880
1274	880
1275	880
562	880
1276	880
563	880
873	880
565	880
874	880
567	880
1277	880
1279	1278
1281	1280
1225	1280
1265	1280
1282	1280
1283	1280
1264	1280
1284	1280
1285	1280
1286	1203
1267	1203
1210	1203
1260	1204
1261	1204
1262	1204
864	1204
925	1204
1287	1204
1267	1262
1288	1262
878	881
880	881
875	881
1083	881
345	881
1209	881
886	881
1264	924
1290	1289
1225	1289
1265	1289
1264	1289
1267	1288
1263	1288
1291	630
629	630
1292	630
1293	630
1294	630
1295	630
631	630
1296	630
839	630
30	1297
1298	1297
1299	1297
1300	1297
640	1297
344	1297
1298	1301
755	1301
1303	1302
342	1302
1281	1302
1282	1302
1261	1302
1280	1302
1204	1302
881	1302
1304	1302
355	1302
1298	1302
1305	1302
1306	1302
925	1302
875	1302
345	1302
1019	1302
1209	1302
1210	1302
1307	1149
1298	1149
292	1149
1119	286
1089	286
295	286
1308	52
1309	52
1310	52
1311	52
29	52
1312	52
55	52
72	52
84	52
1313	52
1314	52
112	52
1315	52
1316	52
1317	52
1318	52
1319	52
1030	52
956	52
1058	1060
1066	1060
1067	1060
1320	1060
1070	1060
1057	1060
1062	1060
1063	1060
1058	1320
1321	1320
1069	1320
818	1320
1070	1320
1057	1320
1062	1320
1323	1322
621	289
290	289
971	969
209	969
1102	1324
945	1324
209	1324
1326	1325
1327	1325
1326	1327
1328	1327
1326	1329
1328	1329
1327	1329
942	1329
1330	1329
1331	1329
1332	1329
406	1333
1328	1333
216	1334
1336	1335
1337	1335
1338	1335
1339	1336
1340	1336
1338	1336
1341	1336
15	1337
1339	1342
15	1342
1340	1342
1337	1342
68	1342
1343	1342
1341	1342
933	946
15	946
346	946
934	946
795	1344
1345	1344
1154	1344
273	857
858	857
293	857
297	857
994	857
855	858
226	1346
1348	1347
938	1347
1350	1349
14	1351
1352	1351
42	1351
45	1351
50	1351
57	1351
94	1351
101	1351
1353	1351
1354	1351
1355	1351
1357	1356
1357	1358
1359	1358
1361	1360
1362	1360
1363	1360
1364	1360
1365	1360
1366	1360
1361	1363
1362	1363
1367	1363
1364	1363
1365	1363
1366	1363
1361	1368
1362	1368
1367	1368
1363	1368
1364	1368
1365	1368
1366	1368
1361	1364
1370	1369
452	1369
678	1369
1371	1369
1370	1372
1373	1372
1374	1372
1375	1372
1376	1372
1377	1372
1370	1378
1095	1378
1370	1095
1376	1095
1035	1379
1380	1379
1382	1381
1383	1381
1194	1206
1202	1206
342	1206
923	1206
1079	1206
1026	1206
1203	1206
1302	1206
1384	1206
1385	1206
1386	1206
1273	1206
1387	1206
1388	1206
1083	1206
886	1206
1389	1206
1179	1206
1181	1206
1387	1390
1391	59
1392	637
1393	637
650	637
456	637
1394	637
1395	637
638	637
1396	1394
1393	1394
1398	1397
736	1397
666	1397
1043	1397
662	1399
1398	1399
668	1399
1400	1399
1401	1399
1402	1399
1054	1403
1404	1403
1398	1403
1405	1403
1406	1403
736	1403
666	1403
659	1403
668	1403
1400	1403
671	1403
1408	1407
1299	1407
1300	1407
640	1407
1409	1407
1410	1407
827	1298
1411	735
1412	1299
1414	1413
1415	1413
282	1413
1300	1413
1416	1413
1413	1300
1418	1417
1412	1417
1149	1417
1300	1417
1420	1419
1414	1419
1411	1419
1421	1419
1422	1419
1418	1419
1301	1419
85	1419
1424	1423
1425	1423
1426	1423
1427	1423
1428	1423
1429	1423
1359	1423
1430	1423
1431	1423
1432	1423
1433	1423
1434	1423
1436	1435
1437	1435
1359	1435
522	1438
180	1438
1439	1438
971	1438
1440	1438
221	1438
1441	1438
1442	971
879	971
1440	971
221	971
1441	971
468	1443
657	1443
748	1444
1016	216
245	216
964	216
353	216
942	216
254	216
222	216
1017	216
1018	216
1016	1445
1016	1446
678	1197
1374	1197
760	1197
1089	1197
1199	1197
1375	1197
1448	1447
778	1447
1450	1449
448	1451
75	1452
1454	1453
1456	1455
1457	1455
1454	1455
529	356
565	356
547	356
1458	1239
356	1239
565	1239
1460	1459
1461	1459
1462	1459
560	1463
1464	1463
1466	1465
1468	1467
1469	1467
845	1467
1470	1467
1465	1467
222	1467
227	1467
1052	1467
817	1467
1471	1467
1466	1467
1472	1467
1277	1467
877	1473
1474	1473
675	1473
1476	1475
1469	1475
1477	1475
1477	1478
1479	1478
820	1480
1477	1480
964	1481
1482	1481
1017	1481
949	1481
983	1483
1484	1483
1482	1483
1485	252
1486	252
1487	252
264	252
923	1488
1489	1488
1490	1488
1239	1488
1491	1488
1492	1488
381	1493
386	1493
169	1493
282	1493
1494	1493
1495	1493
1094	1493
284	1493
1496	1493
413	1493
417	1493
1497	1493
422	1493
297	1493
425	1493
860	1493
751	1493
1498	1493
612	1493
1499	1493
1500	1493
1501	1493
307	1493
431	1493
432	1493
613	1493
435	1493
1502	1493
1503	1493
440	1493
444	1493
1328	1504
846	1504
847	1504
1505	1504
851	1504
1507	1506
1508	1506
1509	1506
1506	1510
323	1510
1509	1510
1511	1510
1509	318
321	318
1512	1240
1513	1240
1514	1240
1515	1240
1516	1240
1517	1240
1518	1240
1519	1240
1520	1240
1521	1240
1522	1240
1523	1240
1524	1240
1525	1240
636	1240
639	1240
640	1240
641	1240
1526	1240
1527	1240
1528	1240
1509	1240
171	225
229	225
171	1529
819	1529
765	1529
171	938
937	938
176	938
177	938
974	938
1530	938
943	938
1532	1531
1122	1531
1533	1531
1534	1531
358	1531
996	1531
1535	1531
995	1531
358	1534
348	1305
1536	1305
1537	1305
1261	1305
1262	1305
1288	1305
1205	1305
1306	1305
883	1305
343	1305
1287	1305
348	1306
1537	1306
1259	1306
1261	1306
1262	1306
1288	1306
1305	1306
343	1306
1287	1306
867	1538
1081	1538
1539	1077
1076	1077
1541	1540
1542	1540
1543	1540
1544	1540
1545	1540
449	1543
451	1543
1541	1543
1544	1543
1545	1543
460	1543
1546	253
1548	1547
1549	1547
8	1547
1550	1547
1551	1547
64	1547
1552	1547
1553	1547
1554	1547
130	1547
1555	1547
1548	1552
1549	1552
1550	1552
1555	1552
310	1556
1557	1556
313	1556
501	1556
502	1556
316	1556
1558	1556
805	1556
533	1129
1525	1129
544	1129
545	1129
546	1129
686	1129
1218	1130
1559	1130
1560	1130
1219	1130
349	1130
1561	1130
574	1130
286	1130
946	1130
473	1130
1562	1130
1221	1130
690	1130
1563	1130
1535	1130
1564	1130
688	1130
519	1130
1565	1130
1218	1562
1219	1562
1221	1562
1218	1221
1219	1221
1566	416
424	416
1568	1567
1568	1569
799	1570
451	1570
1568	1570
1568	1571
1573	1572
1032	1572
984	1572
1575	1574
1576	1574
1577	1575
1578	1575
1579	1575
1580	1575
1581	1575
1583	1582
1584	1582
1505	1582
1388	1582
301	1582
448	190
831	190
1451	190
413	418
419	418
719	419
1344	419
1585	419
1586	419
418	419
429	419
986	419
359	543
1587	1131
1303	1131
557	1131
1253	1131
1125	1131
1588	1131
1126	1131
1589	1131
1130	1131
1590	1131
576	1131
870	1131
567	1131
1466	1131
1591	1131
175	974
176	974
208	974
1593	1592
1381	1592
1594	1592
1596	1595
243	1595
1597	1595
214	1598
820	1599
267	1599
1583	1599
764	1599
1600	1599
1601	1599
1602	1599
663	1599
285	1599
1603	1599
1604	1599
288	1599
1328	1599
1605	1599
1606	1599
1504	1599
1607	1599
1608	1599
1582	1599
846	1599
1609	1599
1505	1599
1610	1599
752	1599
1611	1599
1612	1599
903	1599
758	1599
1613	1599
1615	1614
1616	1614
288	1614
1617	1614
1618	1614
519	1614
730	737
731	737
732	737
738	737
739	737
759	737
1619	738
1620	738
275	1382
279	1382
269	1382
1621	1382
1622	1382
1608	1382
306	1382
272	1382
1624	1623
1373	1623
1625	1623
1626	1623
505	1623
1627	1623
219	1628
1629	1628
547	1630
348	883
1631	883
1632	883
926	883
388	421
1233	739
738	739
743	739
759	739
1263	1279
1633	1279
1269	1634
1536	1634
1263	1634
1635	359
677	1636
555	1636
569	1637
566	1637
492	1638
803	1590
1118	1590
384	83
1639	83
406	83
414	83
406	1640
570	1641
1642	1641
1643	1641
1644	1641
779	1641
764	1643
613	1643
1645	1158
946	1158
1157	1158
1159	1158
1646	1158
570	1647
232	1647
1643	1647
1286	1208
1205	1208
1207	1208
1536	925
1204	925
812	1648
1649	1648
183	1648
1650	1648
814	1648
1651	1648
1652	1648
1492	1648
224	1648
812	1609
1653	1609
1239	1609
1582	1609
1650	1609
814	1609
1651	1609
1652	1609
1492	1609
1529	740
814	740
201	740
814	1650
1119	1654
819	1654
1625	1654
350	1654
696	1654
473	1654
1131	1654
892	891
893	891
941	219
966	219
1655	219
225	191
940	191
449	1656
16	1656
389	1657
967	1657
980	1657
812	814
229	814
1651	814
1492	814
1658	319
321	319
322	1659
1102	220
932	192
933	192
53	192
934	192
1660	192
97	192
1661	192
1315	192
1309	84
1311	84
192	84
1660	84
1315	84
1319	84
1663	1662
959	193
962	193
968	193
969	193
975	193
191	193
197	193
861	193
206	193
979	193
980	193
957	193
744	1664
173	1665
722	1665
1666	1665
1102	194
977	1667
693	1668
740	1668
1236	1668
206	1668
1573	984
1032	984
1669	984
211	195
831	196
190	196
948	1670
185	1670
218	1670
210	1670
1105	1670
969	1671
861	1671
1673	1672
970	1672
197	1672
434	1672
1675	1674
1104	1674
1676	1674
1677	1674
1103	1674
987	1674
184	1678
218	1678
1679	1274
1268	1275
562	1275
880	1680
1272	1680
1681	1680
111	87
1682	87
1683	87
1468	1684
1054	1684
1685	1684
736	1684
1460	1684
745	1684
1471	1684
1464	1684
1277	1684
1686	1460
1687	1460
1689	1688
1690	1688
1691	1688
1692	1688
1408	1688
1693	1688
714	1688
1694	1688
1676	1693
1676	1695
1049	1695
296	1695
1053	1695
1697	1696
393	1698
714	1698
612	1698
1138	1698
730	361
731	361
732	361
1699	361
362	361
1490	1491
570	1700
516	1701
1702	1701
1704	1703
61	1703
1226	1228
1229	1228
1232	1228
1232	1229
1223	1230
1705	1230
1225	1230
1601	1230
1706	1230
1226	1230
1707	1230
1708	1230
1709	1230
1710	1230
1711	1230
1227	1230
1712	1230
1228	1230
1229	1230
1713	1230
1231	1230
1232	1230
1714	1230
1541	1715
1195	1715
1095	1715
1534	1715
1544	1715
1545	1715
1716	1715
710	1717
1718	1717
518	1717
1716	1717
1186	1719
1066	1719
291	1719
1720	1719
1721	1719
1722	1719
1723	1719
1724	1719
1187	1719
1725	1719
1185	1719
1726	741
1727	741
1729	1728
1730	1728
1706	1713
1731	1713
1227	1713
802	1713
1227	802
385	1732
349	1732
1733	1732
1734	1732
741	1732
1735	1732
95	1732
1736	1732
519	1732
1737	1732
848	1679
1277	1679
1381	1738
1739	1738
1243	1738
1740	1738
304	1738
1741	1738
467	832
837	832
1613	847
180	221
1054	1742
842	1742
1743	1742
1047	1742
1048	1742
1049	1742
1050	1742
1052	1742
916	1744
635	1744
1746	1745
1490	1745
873	1745
1747	742
1198	742
1748	742
1189	1190
1418	1190
1749	1190
1750	1190
1751	1190
1753	1752
1190	1752
1749	1752
1750	1752
1751	1752
5	1754
46	1754
49	1754
93	1754
133	1754
756	1754
5	93
1755	93
5	94
462	94
40	94
129	94
133	94
1362	1365
1367	1365
1757	1756
1758	1756
1759	1756
1760	1756
1761	1756
1762	1756
1191	1756
1763	1756
1764	1756
1765	1756
1766	1756
1767	1756
1768	1756
1762	1764
1767	1764
1768	1764
1762	1765
1764	1765
1768	1765
266	1617
1618	1617
266	271
552	1748
697	1748
1256	1748
1571	1646
293	1646
342	1350
1269	1350
1349	1350
9	95
1171	95
1172	95
1551	95
71	95
1547	95
1497	95
80	95
1736	95
106	95
1769	95
1770	95
1772	1771
743	1771
1773	1771
181	743
1774	258
1775	258
1508	258
1511	258
1777	1776
1778	1776
478	1776
1046	1776
477	1776
1779	1776
1466	1776
1039	474
4	474
384	474
1040	474
1780	474
414	474
1781	474
1782	474
1041	474
1783	474
331	1784
9	1784
1785	1784
105	1784
1786	744
253	744
1664	744
1709	296
1710	296
1711	296
1695	296
1787	745
844	745
1709	745
1710	745
1711	745
1788	745
1789	745
1051	745
746	745
747	745
1055	745
1056	745
1790	745
1442	1791
971	1791
1792	1791
1119	1563
554	1563
350	1563
286	1563
1130	1563
1590	1563
1089	1563
1793	1563
474	1563
1794	1563
344	1563
1564	1563
554	1150
1704	1150
555	1150
788	1150
578	1150
1124	1795
1001	1795
1002	1795
1003	1795
1004	1795
1607	1795
1529	1795
1529	230
693	700
697	700
1796	700
478	1797
186	1797
1798	1797
1799	1797
1800	1797
1801	1797
524	1802
1586	1802
528	1802
918	1802
549	1802
392	1803
1804	1803
1787	1805
1049	833
478	1799
1046	1799
1442	1799
1048	1799
1792	1799
1663	96
1806	96
1807	96
1808	96
1809	96
1810	96
1811	96
1812	96
259	96
1813	96
1814	96
1649	198
1816	1815
1817	1815
1818	1815
1819	1815
1820	1815
1433	1815
174	1284
1708	1284
874	1284
1285	1284
567	1284
949	1284
1822	1821
310	1507
1514	1507
1521	1507
501	502
310	316
1823	316
1557	1558
316	1558
765	518
1464	518
1373	1824
1825	1824
1826	1824
1827	1824
1828	1824
1021	1824
1829	1824
1830	1824
683	1824
760	1824
1831	1824
775	1824
365	1824
1644	1824
1376	1824
1832	1824
699	796
700	796
1199	796
1008	796
763	1199
695	1199
760	1199
776	1199
710	1716
1718	1716
518	1716
1833	1243
1790	1243
1501	1243
1790	1833
1834	1833
186	199
464	465
1836	1835
1837	1835
1838	1835
1839	1835
215	1835
665	1835
1405	1835
1840	1835
1545	1835
659	1835
1841	1835
1842	1835
1400	1835
1843	1835
1401	1835
1844	1835
1402	1835
1043	1835
1615	1505
1616	1505
1615	1618
1846	1845
1846	1847
946	1847
1848	526
728	526
1001	526
1002	526
1003	526
1004	526
228	526
775	526
1612	526
1720	1721
1725	1721
1849	1721
1561	1850
350	1850
695	1850
1006	1850
698	1850
703	1850
704	1850
841	1851
951	1222
1852	1222
1853	1222
1854	1388
1	99
332	99
1855	99
1856	99
64	99
65	99
67	99
1857	99
114	99
134	99
1814	99
390	1858
1859	1858
1860	1858
423	1858
1273	343
1279	1861
1633	1862
1279	1862
1861	1862
1083	1862
887	1862
273	297
273	1863
1864	1863
1866	1865
1868	1867
1585	1867
735	1867
625	606
627	606
1226	1231
1229	1231
1232	1231
677	1257
1869	1257
1870	1257
1872	1871
21	101
26	1857
53	1857
1873	1857
97	1857
99	1857
114	1857
71	1874
1875	1874
1876	1874
1878	1877
576	1877
1880	1879
357	1879
564	1879
884	1879
790	1879
1881	884
1476	884
1882	884
357	884
787	884
788	884
1879	884
790	884
958	1629
829	1629
1884	1883
1757	1883
1760	1883
1761	1883
1765	1883
1767	1883
1169	1885
1170	1885
1	1736
331	1736
1886	1736
1855	1736
65	1736
1497	1736
1769	1736
1770	1736
1887	1736
1888	103
151	103
1458	1889
547	1889
1590	816
1881	1890
1559	1891
1560	1891
1704	1891
1533	1891
679	1891
680	1891
1892	1891
1159	1891
1803	1891
1535	1891
1893	1891
1894	1891
344	1794
1896	1895
344	1895
1559	1893
1533	1893
473	1893
1535	1893
1122	1897
1898	1897
996	1897
1629	1897
995	1897
897	1216
1900	1899
1901	1899
234	1899
1903	1902
906	299
291	299
906	1904
299	1904
1169	1905
1170	1905
1169	106
259	106
1169	1906
1174	1907
1908	1907
1909	1907
1910	1907
1911	425
1912	425
612	425
432	425
773	775
779	775
1914	1913
1913	1914
512	513
577	513
531	544
545	544
546	544
867	545
545	546
1334	1055
745	1055
1789	1055
1056	1055
1915	1055
1334	1056
1789	1056
747	1056
1917	1916
1379	1916
1918	1916
848	471
1920	1919
1626	1921
1630	1921
1923	1922
1840	1841
1925	1924
1838	1924
1840	1924
1835	1924
1841	1924
1840	1926
1841	1926
1281	1285
1280	1285
1302	1285
471	1285
810	1161
1571	1161
1158	1161
1646	1161
809	1927
1571	1927
1161	1927
1029	1927
808	1029
1157	1029
1160	1029
1378	1928
1930	1929
1931	1929
1930	1932
1933	1932
1929	1932
1930	1931
1934	750
1243	750
1935	750
569	578
767	365
517	1090
1075	1090
453	1936
1375	1936
1663	110
1937	110
1938	110
1939	110
1940	110
1809	110
1445	110
1662	110
1941	110
1942	110
1943	110
126	110
1944	110
135	110
1945	111
1621	111
1946	111
1553	111
1947	111
1948	111
126	111
1949	111
1950	111
1951	111
149	111
12	1952
26	1952
126	1952
127	1952
1953	1952
1954	1952
1951	1952
1955	1952
915	1217
1956	1096
1123	1132
1513	1957
1220	1957
460	1957
1220	1958
1018	201
1309	1314
1311	1314
1312	1314
1959	1314
112	1314
1319	1314
1030	1314
1309	1959
1311	1959
29	1959
1312	1959
55	1959
112	1959
1318	1959
778	1959
1319	1959
151	1959
1309	112
1310	112
1312	112
1319	112
453	1375
1960	1375
1374	1375
1961	1375
1007	1375
192	1962
1660	1962
1315	1962
25	1315
1483	1315
192	1315
1660	1315
1313	1315
1164	1963
1964	1963
1176	1963
1808	1963
254	1963
1810	1963
1811	1963
1812	1963
259	1963
1813	1963
146	1963
1965	344
1967	1966
1968	1966
1080	1082
1083	1082
1033	1969
1079	1083
1080	1083
1082	1083
1322	1147
1140	1147
1323	1147
1971	1970
1972	1970
1972	1973
1699	237
1972	237
954	202
1974	302
1975	302
20	1976
1977	1976
60	1976
1754	1976
1978	1976
151	1976
573	566
552	1979
1205	1979
1386	1979
1207	1979
345	1979
1980	1951
1771	1773
730	1981
731	1981
732	1981
1233	1981
737	1981
739	1981
361	1981
759	1981
1781	1982
1782	1982
1781	1782
1781	1041
777	1377
330	1814
1807	1814
1175	1814
254	1814
1887	1814
1887	1983
327	1984
1986	1985
542	1985
1987	1985
1679	848
471	848
1277	848
1989	1988
1990	1988
1991	1988
1992	1988
1993	1988
1994	751
1995	1134
1996	849
1851	849
1998	1997
1553	1955
1356	1999
2000	1999
1312	1318
789	778
2001	778
1980	778
267	1610
2003	2002
999	2002
1900	2002
795	2004
1105	2004
698	1564
1154	1564
1084	1564
1087	1564
535	549
539	549
540	549
1344	549
1087	549
1521	1508
1507	1508
503	1508
323	1508
1511	1508
1286	2005
1207	2005
172	207
525	263
1802	263
2004	263
2007	2006
1578	2006
2008	2006
1580	2006
2010	2009
2011	2009
1578	2009
1579	2009
2012	2009
1575	2009
2006	2009
2013	2009
1580	2009
1581	2009
1583	1611
1603	1611
1582	1611
1881	567
557	567
1276	567
874	567
1881	370
2014	370
31	148
1946	148
111	148
1949	148
149	148
2015	149
1980	149
1946	2016
1949	2016
1950	2016
149	2016
782	779
2018	2017
782	2017
2020	2019
2021	2019
2022	2019
2023	2019
2024	2019
2025	687
1894	687
1020	1471
2025	1471
2026	1471
2027	150
2028	150
2028	2029
1833	1790
1833	1834
2030	1501
1292	1501
1293	1501
834	1501
1833	1501
741	1726
1727	1726
741	1727
274	305
1746	1209
1708	1209
1280	1209
864	1209
2031	1209
1284	1209
1285	1209
2033	2032
2034	2032
2035	2032
1513	2036
1958	2036
234	2037
600	2038
913	2038
914	2038
610	2038
2040	2039
1332	2039
1136	2039
70	151
152	151
70	152
824	430
1704	2041
570	2041
485	1530
647	1530
485	2042
951	2042
1853	2042
647	2042
1530	2042
740	2043
230	2043
30	2044
2045	2044
1487	2044
716	2046
1436	2047
1437	2047
846	2048
851	2048
2049	632
2050	755
958	2051
2053	2052
1539	550
372	550
375	550
2054	550
1363	1366
1364	1366
478	1466
845	1466
1465	1466
1776	1466
1925	2055
2056	2055
2057	2055
2008	2055
1842	2055
1843	2055
1401	2055
2058	2055
2013	2055
2059	2055
2061	2060
984	2060
2061	503
644	503
487	503
488	503
489	503
1933	2062
1932	2062
1922	1923
1757	2063
1761	2063
1756	2063
1765	2063
1766	2063
1767	2063
1578	1580
1575	1580
1578	1576
1574	1576
521	527
523	527
520	527
2065	2064
1602	2064
2066	2064
2068	2067
2068	2069
2068	2070
2067	2070
2069	2070
2072	2071
1557	2071
316	2071
1558	2071
805	2071
866	2073
531	2073
1129	2073
685	2073
2075	2074
2076	2074
1109	2074
959	224
1651	224
1330	2077
1330	2078
601	910
1137	910
909	910
911	910
1373	2079
2080	2079
1827	2079
1075	2079
548	2079
1376	2079
1373	1832
1827	1832
1376	1832
717	2081
2082	2081
2021	2083
2084	2083
2085	1792
2086	1792
1442	1792
879	1792
1047	1792
1048	1792
1799	1792
1800	1792
1801	1792
1179	886
2087	433
399	433
1233	433
1623	433
1544	433
1545	433
231	433
2088	433
272	433
648	652
651	652
648	653
651	653
1189	2089
2090	155
154	155
1188	155
1190	1750
155	1750
1751	1750
1188	1750
1189	2091
1190	2091
1751	2091
1189	1751
1190	1751
155	1751
1749	1751
1188	1751
2092	1063
2093	1063
2094	903
2095	903
1125	903
1896	903
1728	903
2096	903
1472	903
1730	903
2095	1472
1110	2097
1106	2097
1112	2097
1107	1112
1110	1112
1335	2098
1336	2098
1337	2098
174	949
1018	949
158	2099
756	2028
756	159
644	504
500	504
493	2100
644	2100
500	2100
14	2101
2102	2101
19	2101
2103	2101
2104	2101
30	2101
1352	2101
42	2101
45	2101
48	2101
50	2101
78	2101
82	2101
91	2101
0	2101
109	2101
116	2101
2105	2101
138	2101
2044	2101
2099	2101
160	2101
166	2101
643	498
1567	498
1569	498
2054	2001
52	1030
1314	1030
1959	1030
112	1030
1318	1030
1343	1338
381	435
381	2106
2030	2106
2107	2106
1834	2106
2108	1591
677	1591
2108	160
2109	160
63	160
79	160
98	160
2110	160
166	160
190	436
256	436
121	436
256	2111
2112	2111
11	161
18	161
28	161
42	161
45	161
48	161
50	161
463	161
113	161
119	161
2105	161
2113	161
129	161
143	161
148	161
1770	161
679	2114
680	2114
679	373
680	373
1019	374
2073	374
1120	374
872	374
376	374
1269	2115
2116	162
983	162
1484	162
1483	162
2117	1454
1453	1454
1486	264
23	1972
88	1972
89	1972
90	1972
157	1972
1765	1767
2010	1581
2118	1581
2012	1581
1575	1581
1156	2119
2120	2119
1162	1163
243	242
1597	242
2121	242
241	242
2009	242
2014	1389
2122	1389
1882	1389
2123	1389
2124	1389
195	1389
1879	1389
884	1389
150	1389
519	1389
211	1389
790	1389
2085	2125
2086	2125
1762	1768
1764	1768
451	438
857	438
294	438
750	2126
1728	1730
1729	1730
1506	323
1823	1509
1514	1509
1775	1509
1506	1509
962	211
1600	758
710	2127
1157	2127
1716	2127
1633	2128
887	2128
1348	2129
2130	439
1321	439
2131	439
2132	439
2133	439
1384	2134
689	375
2135	1565
1418	1565
1986	1987
1946	2136
130	2136
133	2136
1949	2136
1950	2136
1955	2136
326	2137
27	2137
1621	2137
2138	2137
1954	2137
1955	2137
1823	1511
1775	1511
1823	2139
343	1287
987	1105
957	2140
1104	2141
1103	2141
987	2141
957	2142
1573	2143
984	2143
2144	2143
847	851
847	1613
2145	939
1954	2146
939	2146
1256	1135
794	1135
796	1135
2147	1354
1352	1354
48	1354
94	1354
1355	1354
94	165
129	165
1352	1355
122	1355
160	166
607	596
608	596
591	596
609	2148
2149	715
749	715
1737	715
2072	2150
1174	2147
1908	2147
1782	1039
1156	493
2151	493
1290	2152
1265	1290
1675	1290
254	1290
532	1085
532	1587
1587	1303
1588	1303
541	1303
1084	1303
2027	2153
1179	1180
1179	876
340	338
338	2154
340	2154
2155	2075
2074	2075
387	2
392	2
1639	2
83	2
1640	2
2156	3
19	3
22	3
31	3
47	3
2157	3
1948	3
111	3
2090	3
649	2120
633	2120
633	649
633	2158
2159	2158
2160	1468
2160	2161
2162	2161
2149	1420
1416	1420
2163	1420
2149	660
2164	660
246	812
2165	2085
2086	2085
558	553
1560	1559
1535	1559
2166	1291
629	1291
1549	1663
1938	1663
47	1663
2167	1663
1662	1663
1941	1663
1942	1663
1943	1663
2168	1663
2169	1777
2165	1777
1685	1777
2170	1777
1777	2169
2165	2169
1777	2171
2169	2171
1046	2171
2172	2171
1471	2171
1777	1778
1685	1778
2170	1778
2173	1778
900	898
1352	2174
86	2174
491	642
646	642
642	491
646	491
2119	2175
2177	2176
1207	1286
1513	2178
1561	350
695	350
1006	350
698	350
704	350
1032	2179
1464	1195
2004	248
2181	2180
2183	2182
1490	1653
1829	1828
683	1828
1829	1021
1830	1021
1023	1021
1832	1021
2185	2184
572	2186
1623	2186
773	2186
1937	2187
1938	2187
2138	2187
2157	2187
1941	2187
1943	2187
2138	51
2157	51
2157	2138
227	845
1662	1940
1940	1809
2189	2188
1507	2188
323	2188
1511	2188
953	952
989	952
989	953
827	2190
827	2191
718	733
2192	733
2194	2193
1339	2193
1341	2193
68	1340
1341	1340
277	2195
2131	1321
2133	1321
2196	409
2198	2197
2196	2197
2200	2199
2201	1917
1379	1917
1916	1917
1495	1496
1307	1496
2202	1496
417	1496
297	1496
749	1496
1499	1496
1500	1496
936	184
206	184
978	184
1068	1059
1057	1059
1894	1747
348	1205
883	1205
615	1604
2204	2203
16	2203
2205	2203
1439	2203
2206	2203
1816	1428
1435	1428
2208	2207
2208	2209
2207	2209
2161	2210
2161	2160
1501	2160
2161	2211
2162	2211
2212	2211
2161	2213
2210	2213
2161	2162
2211	2162
1431	2162
2212	2162
1434	2162
449	1312
1313	1312
1316	1312
2215	2214
2216	2214
2218	2217
951	1853
97	53
2219	480
2220	480
645	480
2219	645
2220	645
2222	2221
1618	288
1408	1691
955	1691
955	2223
1332	1676
1332	2224
1332	1328
102	54
106	54
132	54
2024	2225
1421	734
907	734
908	734
1420	2226
1422	2226
1420	906
1422	906
907	906
905	907
905	2227
907	2227
1123	1128
1127	1128
1132	1128
2229	2228
2230	1786
961	249
247	249
963	249
11	2231
2232	2231
2233	2231
1013	2234
2233	2234
108	2234
2099	2234
1579	1578
1577	2235
1579	2235
1574	2236
2011	1579
2012	1579
1574	2237
1310	55
1313	55
1316	55
623	2238
2239	2238
409	2238
605	2238
1136	2238
371	868
868	869
871	869
371	869
998	2240
190	187
1027	539
539	2241
1027	2241
539	540
1575	2121
2009	2121
1121	2242
2243	2242
495	2242
496	2242
1121	1892
1803	1892
2114	1892
521	2244
523	2244
2217	2244
520	2244
527	2244
468	900
1443	900
655	1818
1817	1818
2245	1818
2246	1818
671	1818
1730	1818
1322	1140
275	2247
2248	410
1566	410
675	2249
1421	2201
2250	2201
2226	2201
2251	2201
2076	1109
9	1946
2252	1946
14	56
95	56
167	56
121	56
2253	56
2044	56
155	56
14	57
1618	2254
703	1006
2010	2012
2011	2012
1579	2012
524	2255
525	2255
1254	2255
314	2255
160	2255
1469	2256
338	340
2133	2131
2257	1855
778	1525
2258	1692
714	1692
1971	1699
8	1551
2259	1551
1806	1551
2260	1551
1547	1551
2261	1551
2221	1605
752	1605
1616	1606
728	1606
1505	1606
1006	698
703	698
704	698
2263	2262
2264	2262
1104	2265
1103	2265
987	2265
2266	1622
2267	1622
1740	1622
7	58
1806	58
2269	2268
34	2268
2271	2270
1800	215
1086	541
2272	830
339	919
1675	1304
919	1304
2273	1304
2274	463
129	463
719	1585
419	1585
2275	1819
902	1819
2276	1819
2277	1819
2278	1819
2279	1819
2280	1819
2281	1819
2282	1819
962	970
2284	2283
2285	2283
2286	2283
2284	2286
2285	2286
2283	2286
573	511
726	511
727	511
2287	511
2288	511
510	511
2290	2289
1152	2289
1681	1272
1272	1681
882	1681
214	2291
1292	1294
1293	1294
834	1294
815	1294
2292	411
1273	882
1019	355
1052	1047
1194	1196
2294	2293
2296	2295
2297	2295
2298	2295
2296	2297
2298	2297
2170	1685
1915	1685
2300	2299
2079	2299
2301	250
2303	2302
2304	2302
2305	2302
2303	2304
2306	2304
2302	2304
2307	2304
1718	665
1716	665
817	665
1461	665
1462	665
2198	2308
2233	2232
558	2309
1392	2310
1393	2310
1631	2311
1632	2311
883	2311
516	673
162	2312
1065	1068
1067	1068
1065	2313
1067	2313
2314	251
1746	2031
2020	2031
2315	2031
2316	2031
845	1470
801	1739
304	1739
1739	2317
304	2317
1174	2318
38	2318
1770	2318
578	61
1420	2319
1422	2319
2320	2319
2321	2319
2179	1395
456	1395
638	1395
893	2322
332	2323
332	2324
2274	2324
529	1022
1021	1022
1830	1022
1023	1022
1832	1022
1755	2325
152	2325
1755	62
1566	2326
723	2326
410	2326
2076	2327
2328	2327
1109	2327
1457	2327
1109	2329
1246	1145
2331	2330
770	1233
2332	770
1620	770
67	2333
2334	1856
67	1856
2335	1856
1441	1440
412	413
422	413
2337	2336
535	682
867	682
1081	682
384	414
427	415
2339	2338
1798	2338
667	2338
1797	2338
2125	2338
1838	1405
1406	1405
1842	1405
2013	1405
2056	1406
1836	1589
2086	1796
2172	1796
1915	2340
1843	2341
2058	2341
2013	2341
215	217
2342	2206
2343	2057
2059	2057
2342	1798
2086	1798
1915	1798
2173	1798
476	2344
64	2344
68	2344
1855	65
1856	65
2346	2345
1383	2345
788	787
1758	1763
1759	1763
1245	2347
1246	2347
1247	2347
2348	2347
1245	2349
1246	2349
2347	2349
1247	2349
2348	2349
1245	1247
960	189
935	189
1035	2350
1035	2149
2164	2149
1035	2164
282	1788
746	1788
724	2351
1731	2351
2352	2351
2353	2351
2354	2351
1713	2351
2355	2351
1706	1227
1731	1227
2354	1227
802	1227
2356	1669
1023	1830
246	972
1780	1990
252	1990
2357	1990
1485	1990
1770	1990
1170	67
1868	1607
231	1607
64	68
1852	69
524	69
322	69
314	69
164	69
489	2358
503	2358
104	2359
2360	1734
1541	2361
1935	2361
1935	2362
1045	1608
1418	1608
928	1608
929	1608
1692	1608
292	1608
1845	1608
2363	1608
981	1608
278	2364
402	604
609	604
2148	604
822	2365
2366	2365
2367	2365
2112	2365
2368	2365
2369	2365
2370	2365
2371	2365
152	70
1870	1869
1513	1220
1958	1220
1584	1385
12	71
2372	71
2373	71
69	71
82	71
0	71
96	71
114	71
120	71
1683	71
1951	71
2099	71
164	71
1807	2374
71	2374
82	2374
0	2374
132	2374
1876	2374
2376	2375
2376	2377
1762	2378
1764	2378
561	1295
802	2354
2380	2379
257	2379
2380	2381
257	2381
1965	2381
2014	1386
525	1254
1911	1912
2382	973
249	973
1569	643
2384	2383
1288	1273
882	1273
1689	2258
2294	2258
75	2258
2385	2258
1775	2386
21	2387
456	638
720	2388
2389	2388
476	1873
2390	1873
26	1873
131	1873
939	1873
2082	291
2392	2391
953	989
582	2393
603	2393
584	2393
2394	2393
586	2393
604	2393
587	2393
588	2393
579	2393
608	2393
609	2393
592	2393
2395	2393
593	2393
594	2393
595	2393
2396	2393
2148	2393
583	587
603	587
585	587
595	587
2397	2040
2301	2040
1692	2040
2102	73
19	73
1248	1146
1144	2398
1146	2398
1248	2398
2400	2399
2402	2401
2403	2401
1968	2404
2405	2404
2406	2404
1967	2405
1968	2405
2404	2405
1966	2405
2406	2405
1967	2407
1968	2407
2404	2407
2405	2407
1966	2407
1137	605
599	605
599	420
867	674
17	2408
851	846
1007	1961
2267	2409
823	2409
269	2409
928	2409
929	2409
835	2409
749	2409
306	2409
931	2409
430	2409
9	1497
1736	1497
1769	1497
1993	1497
962	975
2296	2298
2297	2298
2410	292
1948	1553
281	2411
2156	2157
2138	2157
1974	1975
302	1975
10	74
2412	74
1810	74
1954	74
10	2413
1017	2356
2294	75
2385	75
1286	1207
766	2414
326	1991
1990	1991
793	1241
1582	2415
1412	1875
1663	76
363	76
635	634
2239	2416
2196	2416
409	2416
620	624
1772	2417
11	77
11	78
34	78
1213	1215
268	2418
387	1804
646	2419
453	2419
169	2420
169	2421
169	2422
2423	2422
2114	2422
34	2424
2268	2424
476	79
534	2425
494	2425
497	2425
534	497
1171	80
1172	80
1064	1069
1070	1069
1062	1069
1271	1380
409	2426
2163	2426
2427	2426
162	81
2073	235
2397	2428
2039	2428
2364	2429
1610	2429
2431	2430
1191	2430
787	788
71	82
1415	1416
1783	2432
2396	2432
1783	2433
468	657
580	589
2130	2132
2434	2132
1321	2132
1735	2132
1321	2133
839	2133
1760	360
1619	2435
36	2436
2323	2436
16	86
32	86
33	86
98	86
107	86
139	86
140	86
141	86
142	86
147	86
2271	2437
2320	2163
2320	1918
89	88
157	88
23	89
2438	89
157	89
23	90
2438	90
89	90
157	90
1541	1544
1543	1544
299	2439
2441	2440
859	976
1046	1048
1543	1545
2264	2263
2442	1934
1695	1934
747	1934
1053	1934
2444	2443
2445	91
92	91
465	91
2446	91
1619	801
1383	801
35	2447
2448	2447
502	501
1685	2170
1107	1110
1116	1117
2449	1117
2339	2450
1088	2451
2453	2452
2454	563
602	2455
413	422
418	422
625	2456
627	2456
2380	257
391	2427
2163	2427
2446	92
642	2457
1594	295
839	295
2063	423
179	197
1017	197
614	618
785	699
2130	1735
2132	1735
2349	2458
2164	1036
2459	901
1729	2096
903	2096
1729	1331
1729	2460
903	2460
1533	2461
1103	1677
2463	2462
2464	2462
362	803
1191	1766
2466	2465
270	2467
1627	2467
1594	2467
13	2468
2177	2469
2471	2470
1731	2357
2036	2472
2474	2473
2476	2475
896	897
2332	1620
53	97
1559	1535
1560	1535
1886	2477
581	590
815	631
2478	631
2479	640
1733	640
1174	1909
1908	1909
536	2290
945	947
1982	1781
629	1296
1501	1296
2465	2466
1691	1694
2481	2480
1108	1115
76	98
1537	2482
2214	2483
2469	2484
1908	1910
1907	1910
1904	1457
4	100
1307	100
2423	100
1988	100
2214	1409
2486	2485
2488	2487
2489	2487
2093	1061
2490	902
2246	748
1062	748
1050	1052
1049	2491
2232	2233
2492	871
2494	2493
2015	2495
2015	1947
2015	1948
2015	1554
1485	1554
1471	2496
2498	2497
2138	2497
2259	105
2261	105
2499	2252
46	2252
2500	2252
2499	107
46	107
2500	107
2501	107
144	107
1353	107
2502	107
466	107
147	107
46	108
93	108
145	108
1900	789
2503	109
115	109
2105	109
156	109
2504	1779
2007	2008
2505	364
692	2506
460	2506
785	2506
461	460
692	785
692	1008
2507	461
2008	1842
2509	2508
2510	2508
282	2511
2196	2511
1043	1400
1837	2512
1400	2512
1401	2512
1402	2512
2514	2513
1462	1461
1461	1462
921	920
1401	1843
1402	1843
426	367
1730	367
671	670
1819	2276
2515	2277
2516	2277
2277	2515
2275	2278
2277	2279
2515	2279
2279	2280
2279	2517
2280	2517
1819	2281
2276	2281
2519	2518
2277	2518
2035	2518
2521	2520
2518	2520
2035	2520
2033	2522
2245	2522
2035	2522
2034	2035
367	426
537	2523
1985	2523
1731	2355
1713	2355
636	1527
1528	1527
636	1528
2524	1661
2294	2385
2373	114
1175	114
2023	2022
1707	2525
2020	2525
2526	2525
2031	2525
2316	2525
109	115
2105	115
156	115
137	117
124	118
2370	118
1809	120
127	120
2527	120
136	120
2528	120
2253	120
148	120
2137	120
2529	121
2423	121
31	2090
2259	1317
2261	1317
48	301
136	301
2373	2530
85	2530
114	2530
2103	2105
124	123
2531	124
1977	1978
1976	1978
37	125
21	2501
591	607
591	608
603	609
588	609
593	609
594	609
596	609
608	591
607	2532
608	2532
1937	1942
1938	1942
2167	1942
2533	1942
1941	1942
1943	1942
1937	2534
47	2534
1943	2534
2535	1682
2536	1682
1941	2441
131	2441
2537	2441
2538	2441
1942	2168
2535	127
2536	127
74	127
1953	127
1954	127
22	2539
913	610
914	610
2540	547
2540	2541
920	921
1801	1800
2080	368
548	368
2080	548
1827	1644
1827	1376
1810	128
1811	128
1811	1810
1810	1811
2535	2542
2536	2542
130	2542
2535	2543
2536	2543
2390	1944
2498	1812
2544	129
2546	2545
1953	2545
1950	2545
131	1992
136	2547
1485	2548
1939	131
1485	131
264	1486
264	1487
1945	2527
2538	2537
2537	2538
2546	1950
2549	1950
2549	2550
1950	2550
2546	2551
2373	134
1993	134
2553	2552
2555	2554
2167	2556
2533	2556
2104	2557
2558	2557
2559	2557
2561	2560
1807	1876
2253	2528
2044	2528
2044	2253
30	138
1282	138
2563	2562
1246	2348
2347	2348
2087	2088
2406	2564
2566	2565
2568	2567
2570	2569
2572	2571
2573	2571
2574	2571
2575	2571
2572	2574
2575	2574
2573	2575
909	2576
911	2576
911	1783
2578	2577
397	427
415	427
980	979
2368	2112
2371	2112
856	862
2368	1498
581	611
2107	2403
747	2579
612	2579
1849	1722
1720	1723
2581	2580
2580	2581
1186	2582
1719	2582
1721	2582
1722	2582
1723	2582
1721	1187
1725	1187
1849	1187
725	1725
142	139
142	140
32	141
78	143
1602	1627
2066	1627
2066	752
2583	752
2584	752
2586	2585
2588	2587
2589	2587
1423	2587
2282	2590
1424	2591
1425	2591
1431	2591
1432	2591
2592	2591
1434	2591
2594	2593
2595	2593
2591	1820
2597	2596
1425	2596
2598	2596
1427	2596
2599	2596
2593	2596
2600	2596
2601	2596
2602	2596
2603	2596
1434	2596
2604	2596
2605	2596
2607	2606
2608	2606
2607	2608
2609	1429
2610	1359
2445	2446
1425	1430
2611	1430
2612	1430
1427	1430
2613	1430
2599	1430
2162	1430
1423	1430
2596	1430
2600	1430
2601	1430
1431	1430
2614	1430
2615	1430
2212	1430
1434	1430
1427	2600
2613	2600
2162	2600
1423	2600
1430	2600
1431	2600
1430	2601
2246	2616
2363	2616
2617	2360
2360	2618
1425	1431
2620	2619
2620	2621
2611	2622
2615	2622
2589	2592
1432	2592
2589	2614
2623	2614
2595	2614
2624	2614
2623	2624
2595	2624
2598	2615
2612	2615
2613	2615
2601	2615
2212	2615
1426	2625
2620	2625
2626	2620
2598	2602
2604	2602
2605	2602
1817	2282
1817	2627
2282	2627
2620	2628
2212	2490
2598	2603
2624	2603
2162	2212
1071	1434
1071	2629
2605	2604
2604	2605
2631	2630
2499	144
2500	144
2502	144
2633	2632
35	2632
1964	2632
2502	2632
2633	2502
466	2502
2500	2634
2501	147
2636	2635
2637	2635
2638	2637
2636	2637
2635	2637
2639	2637
2638	2639
2635	2639
1661	428
2641	2640
1495	1499
1495	429
1496	429
1495	1500
2257	2642
1989	2642
2334	2335
2343	1401
2057	1401
2644	2643
695	704
2645	753
2646	753
2645	2646
753	2646
2648	2647
2649	2159
2158	2314
2651	2650
1058	1070
1061	2093
2652	2489
728	930
2653	930
824	930
928	930
929	930
2653	1612
927	981
2653	2583
928	2583
929	2583
927	2583
2584	2583
2653	2584
824	2584
927	2584
2583	2584
2654	306
2654	2655
306	2655
2654	931
2657	2656
2657	2658
2656	2658
2173	1915
2173	2510
1915	2173
307	2659
815	2478
631	836
2478	836
1416	2660
2662	2661
2442	2663
2163	2320
2022	2023
2024	2023
2394	2395
588	593
579	593
592	593
594	593
2664	1142
2666	2665
2668	2667
2057	2669
1838	1844
1839	1844
1406	1844
2058	1844
2013	1844
1843	2058
2059	2058
2670	1402
1838	1402
1405	1402
1843	1402
2669	1402
2202	472
2049	2671
1503	2671
1094	2672
2479	2673
2674	154
2676	2675
2304	2675
2462	2677
2464	2677
445	2307
1868	2678
2196	2678
2679	2678
2462	2464
585	595
2681	2680
2683	2682
2684	2682
2321	2682
2685	2682
838	2682
2686	2682
2682	2321
2685	2321
2686	2321
2682	2685
2686	2685
2682	838
2688	2687
825	850
2690	2689
1098	2689
2691	2689
1098	2692
2691	2692
1098	613
2691	613
2693	613
1098	1101
2691	1101
2693	1101
2692	1101
2683	2686
2695	2694
116	156
2697	2696
2365	2698
2365	2370
2700	2699
2702	2701
2703	2396
1493	2704
1502	2704
2705	2704
1493	2706
2704	2706
1502	2706
2705	2706
1493	1502
2705	1502
729	2707
2707	2705
1076	2054
