0	1
2	1
3	1
4	1
4	5
6	1
6	7
6	8
6	9
6	10
11	1
11	12
13	1
13	14
13	15
15	1
16	1
17	1
17	18
17	19
20	1
21	22
21	23
21	24
21	25
21	26
21	27
21	28
21	29
21	30
21	31
32	22
32	33
32	34
32	35
32	36
32	37
32	38
32	39
32	40
32	41
32	42
32	43
32	44
32	45
32	46
32	47
32	48
32	49
32	50
51	22
51	52
51	53
51	48
54	55
56	57
56	58
59	57
59	60
61	57
61	60
62	63
64	65
64	66
67	68
67	69
67	70
71	68
71	72
73	74
73	75
73	76
74	77
74	78
79	74
79	80
79	76
80	74
80	76
81	74
81	82
81	83
81	84
81	85
81	75
81	76
81	86
81	87
88	89
88	90
88	91
88	92
89	88
89	90
89	93
89	92
94	89
94	88
95	89
95	88
95	90
95	93
95	92
84	96
84	83
84	97
84	98
84	99
84	100
84	101
84	102
84	103
84	75
84	104
84	105
84	106
84	107
108	96
108	109
108	110
108	111
108	107
112	96
112	109
112	108
112	110
112	111
113	96
113	109
113	114
115	116
115	117
118	116
118	119
118	120
121	116
121	122
123	124
123	125
126	127
126	128
126	39
126	129
126	130
126	131
126	132
133	134
133	135
136	134
136	135
136	133
137	138
137	139
137	140
141	142
143	142
143	144
143	145
146	142
146	147
148	149
150	151
150	152
150	153
154	155
156	157
157	117
157	158
157	159
157	160
157	161
162	157
162	163
162	46
162	47
162	164
165	166
167	168
167	169
167	170
167	171
167	172
167	173
168	169
168	173
174	168
174	169
174	170
174	171
174	172
174	173
169	168
169	171
169	172
175	168
175	172
176	168
176	174
176	169
177	178
177	179
180	181
180	182
181	183
181	184
185	181
185	182
186	187
188	189
190	191
192	193
192	194
195	196
197	196
198	199
200	201
200	202
200	203
200	204
200	205
200	206
200	207
200	208
200	6
200	209
200	210
200	211
212	201
212	205
213	214
213	215
213	216
213	217
218	214
218	219
220	214
220	221
220	222
220	223
224	225
226	227
226	228
226	229
227	228
230	231
230	232
230	233
230	234
231	235
236	231
236	235
236	237
235	231
238	231
238	236
239	240
241	242
241	243
241	244
245	242
245	246
245	247
245	248
245	249
245	250
245	251
245	252
245	253
254	242
254	255
254	18
256	242
256	257
258	242
258	259
260	242
260	241
260	261
260	253
248	262
248	263
264	262
264	265
266	267
266	268
266	269
266	270
267	270
270	267
270	271
271	267
271	270
272	56
273	56
274	275
274	276
277	278
279	280
279	281
280	279
280	281
282	280
282	283
284	280
284	283
284	279
284	285
284	286
284	287
288	289
290	291
290	292
293	291
293	290
293	294
293	292
295	296
297	298
299	300
300	301
302	303
302	304
302	305
302	306
307	303
307	304
307	305
307	306
308	303
308	304
308	302
308	307
308	306
308	309
310	303
310	311
310	312
313	303
313	285
313	311
314	303
314	311
314	313
305	303
305	311
315	316
315	53
315	51
315	48
317	283
317	318
319	283
319	317
319	320
319	318
321	322
321	323
321	324
321	287
325	326
325	117
325	327
325	328
325	329
325	330
325	331
325	332
326	33
333	326
333	33
333	334
333	335
333	336
333	337
333	329
333	338
333	339
333	340
333	341
330	326
330	342
330	343
330	117
330	344
330	327
330	345
330	328
330	156
330	329
332	326
332	117
332	156
332	329
346	347
348	349
348	215
350	349
350	215
350	216
350	351
352	349
352	353
352	354
352	215
352	355
351	349
351	353
351	356
351	215
357	349
357	215
358	359
360	359
361	362
361	363
364	365
364	366
367	365
367	366
367	368
367	369
368	365
368	366
368	370
368	369
371	365
371	366
371	372
371	373
374	365
374	366
374	375
374	369
376	365
376	366
376	375
377	365
377	378
377	379
377	366
377	380
377	381
375	365
375	366
375	234
382	82
382	383
382	384
382	385
382	386
387	82
387	383
387	384
387	385
387	386
388	82
385	82
385	389
107	82
107	383
107	390
386	82
391	285
391	311
392	285
393	285
393	318
306	285
306	394
306	395
396	397
396	398
398	397
399	400
400	401
402	403
403	404
405	403
406	407
406	408
406	148
407	409
410	407
410	411
410	148
410	412
413	414
413	415
413	416
417	414
417	418
419	414
419	420
419	421
422	423
422	311
422	313
422	424
425	423
426	427
426	428
426	429
427	429
428	427
428	430
428	431
432	433
432	434
435	433
435	434
436	433
436	434
437	438
437	15
202	439
202	440
441	442
443	444
445	446
446	447
448	446
449	446
450	451
450	452
450	453
450	454
450	455
456	457
456	215
457	458
459	457
460	461
460	462
461	462
463	461
464	465
464	466
464	251
465	251
183	184
467	468
469	470
469	471
472	473
474	475
476	475
476	477
476	26
476	478
476	479
476	480
476	481
476	482
483	484
484	26
484	29
485	484
485	26
485	486
487	484
488	484
488	26
488	489
490	484
490	24
490	27
490	28
490	491
492	484
492	493
494	484
494	495
494	496
494	26
494	478
494	497
494	486
494	29
494	498
494	499
500	484
500	26
501	502
501	503
502	66
504	505
505	42
506	505
506	33
506	507
506	104
506	508
506	509
506	510
511	505
511	508
512	513
512	514
515	513
515	516
517	518
517	519
517	42
520	518
521	518
120	518
120	522
120	36
120	122
120	523
120	524
120	50
525	518
525	526
527	518
527	0
527	528
527	529
527	530
527	531
527	150
532	533
533	534
533	535
536	430
536	428
537	538
537	539
540	541
540	542
540	543
540	544
540	545
540	546
540	547
548	549
548	550
548	551
548	552
548	553
548	554
548	555
548	43
549	552
549	555
556	549
556	557
416	549
416	550
416	551
416	552
416	553
416	554
416	558
416	559
560	549
560	25
557	549
557	550
557	551
557	553
557	554
557	555
561	562
562	563
562	564
565	562
565	563
565	564
566	567
566	568
569	570
569	571
570	571
572	573
574	575
575	576
577	434
578	579
580	97
581	582
583	584
585	584
585	586
585	587
585	588
585	153
589	584
588	584
588	119
588	586
588	520
588	587
588	590
588	120
588	153
591	584
592	584
593	594
593	595
593	596
595	594
595	593
595	597
595	596
598	594
598	599
598	596
600	601
600	602
603	601
603	604
605	606
98	75
92	607
92	91
607	608
607	609
610	23
610	27
610	31
23	24
23	26
23	27
23	28
23	30
23	31
23	611
612	23
612	613
612	614
612	24
612	26
612	27
612	28
612	29
612	30
612	31
612	615
612	616
612	611
617	23
617	613
617	24
617	27
617	28
617	29
617	30
617	31
617	616
617	611
618	23
618	610
618	614
618	24
618	25
618	26
618	27
618	619
618	28
618	491
618	29
618	30
618	31
618	616
618	611
620	23
620	27
620	490
620	615
621	23
621	24
621	27
621	28
621	29
621	30
621	31
621	611
622	623
622	624
625	163
625	47
625	626
163	42
163	43
627	163
627	628
627	47
629	163
629	33
629	336
629	418
629	46
629	630
629	47
631	163
631	336
631	632
631	633
631	634
631	46
631	47
628	163
628	635
628	47
628	636
637	163
637	336
637	337
637	338
637	47
638	163
638	534
638	46
638	47
638	639
638	640
641	642
641	643
641	336
641	42
642	644
645	646
645	647
646	648
647	646
647	648
649	646
649	650
649	647
651	646
651	648
651	647
33	42
652	33
652	42
519	33
519	336
519	36
653	33
653	35
653	654
653	49
655	33
655	652
139	33
139	42
418	33
46	33
46	336
329	33
329	328
339	33
339	39
656	33
656	657
658	641
658	643
658	644
658	42
659	319
659	393
660	319
660	318
661	119
661	120
661	662
661	663
664	119
664	665
664	666
664	667
664	668
664	669
664	474
664	120
664	670
664	523
664	340
664	50
671	119
671	669
671	120
671	670
671	523
671	340
671	50
672	119
672	342
672	673
672	674
672	614
672	24
672	675
672	420
672	26
672	478
672	676
672	490
672	42
672	677
672	28
672	678
672	679
672	680
672	681
672	120
672	486
672	29
672	682
672	31
672	340
672	50
683	684
685	684
685	686
687	684
687	688
687	689
690	684
688	684
688	689
691	684
692	693
694	695
694	696
694	697
695	698
695	697
695	608
699	695
696	695
696	700
696	701
696	697
696	608
696	702
221	703
221	704
705	703
705	318
706	707
706	708
709	707
709	706
709	710
709	708
109	711
109	712
713	109
713	714
715	109
712	109
716	109
717	342
717	673
717	617
717	485
717	26
717	680
717	718
717	486
717	719
717	720
717	621
342	29
721	342
721	674
721	29
721	682
722	342
722	723
722	724
725	342
725	726
725	336
725	26
725	676
725	678
725	680
725	727
728	342
728	729
728	725
730	731
730	732
731	733
734	731
734	732
735	731
735	732
736	737
738	739
738	740
739	740
99	75
741	742
742	182
742	743
744	742
744	745
304	746
747	304
747	311
747	746
748	749
750	748
750	749
751	752
751	753
751	754
755	343
755	344
755	756
343	117
757	343
757	758
757	344
757	26
757	759
760	343
760	344
760	761
762	343
762	495
762	763
762	344
762	764
762	681
762	29
765	343
765	344
765	766
765	767
765	26
765	478
765	768
756	343
756	117
756	35
756	344
756	769
756	49
770	569
770	771
770	772
773	774
773	775
773	776
777	778
777	779
780	778
780	779
781	782
781	783
781	784
781	785
781	786
781	787
782	784
788	789
788	790
788	791
788	792
788	793
788	455
789	794
789	251
789	795
796	789
796	791
797	789
797	791
798	789
798	791
798	799
798	800
801	789
801	791
802	789
802	791
802	803
802	804
802	805
806	789
806	791
806	805
807	808
807	809
807	810
808	811
812	813
812	8
813	814
793	815
793	816
793	817
793	792
793	455
818	815
819	820
821	213
821	217
822	213
822	104
822	823
822	217
824	825
826	827
828	827
829	827
829	830
831	827
471	827
832	827
833	827
834	827
835	827
836	837
836	838
839	837
839	840
839	836
839	838
841	842
843	203
843	200
203	844
845	846
845	378
847	848
847	849
847	516
850	848
850	515
850	849
850	851
852	853
854	855
855	215
855	856
857	858
857	859
857	860
861	858
862	863
862	106
864	863
864	865
864	866
867	868
868	869
868	840
870	868
871	868
871	872
871	873
871	874
875	302
875	307
876	302
876	307
877	878
879	880
881	880
881	882
881	883
881	884
885	880
885	884
886	887
886	888
886	889
890	891
890	892
893	894
893	895
893	896
893	897
893	898
893	899
900	894
900	895
900	896
900	897
900	898
900	899
901	902
903	904
905	904
906	904
907	904
907	35
907	49
907	908
909	910
909	548
909	420
909	26
909	478
909	911
909	912
909	913
909	463
909	914
909	915
910	916
910	420
910	26
910	478
910	917
910	677
910	911
910	497
910	912
910	482
918	910
918	548
918	675
918	25
918	909
918	26
918	919
918	912
918	920
921	910
921	336
921	922
921	923
921	478
921	919
924	910
924	25
924	420
924	26
917	910
917	916
917	420
917	26
917	478
917	677
917	911
917	497
917	486
917	912
917	915
917	482
925	910
925	548
925	763
925	25
925	420
925	26
925	926
925	923
925	478
925	911
925	29
925	919
925	912
925	913
925	927
925	463
925	914
925	915
928	910
928	929
928	916
928	930
928	26
928	478
928	911
928	931
932	514
932	512
933	934
935	934
935	936
935	937
935	938
939	940
939	941
939	942
943	940
943	941
943	942
944	940
944	941
944	945
945	940
945	941
942	940
942	941
942	943
942	866
946	290
946	947
946	948
946	292
949	950
949	951
950	408
950	952
950	43
953	950
954	311
954	18
954	955
956	311
956	395
673	26
673	957
673	478
673	491
922	673
922	420
922	478
958	959
958	12
958	960
959	960
961	962
963	962
963	614
963	27
963	961
963	490
964	965
966	965
967	968
968	967
969	665
969	666
969	474
665	50
667	665
667	666
667	474
970	665
970	666
970	50
971	972
971	973
972	974
975	976
975	519
975	26
975	42
975	977
975	494
975	978
975	979
975	980
975	50
975	915
976	301
981	383
982	983
982	984
983	985
983	986
52	987
52	48
988	52
988	48
988	50
989	990
989	991
989	992
989	993
990	991
994	995
995	996
995	516
997	180
997	185
997	546
998	180
998	999
998	185
1000	180
1000	1001
1000	1002
1000	182
1000	185
1000	515
1003	180
1003	1004
1003	784
1003	1005
1003	1006
1003	185
1003	1007
726	1008
726	334
726	36
726	25
726	977
1008	35
1008	36
1008	49
1008	1009
613	25
613	497
613	30
613	31
613	616
613	611
613	1010
1011	613
1011	617
1011	26
1011	1012
1011	621
1011	616
1013	1014
1013	380
1013	1015
1013	370
1013	1016
1017	1018
1017	439
1017	1019
1017	209
1017	844
1017	1020
1017	210
1017	212
1017	1021
1018	1022
1023	1024
1023	1025
1023	1026
1023	1027
1028	1029
1028	625
1028	1030
1028	830
1028	1031
1028	425
1032	1033
1034	1032
1034	1033
86	348
86	104
86	1035
86	1036
86	1037
86	1038
1038	348
1038	104
1038	1035
1038	1037
1039	1040
1039	800
1039	1041
1039	1042
1039	974
1040	800
1040	1041
1043	1044
1045	1046
1047	1046
1047	1048
1047	1049
1047	1050
1047	568
1051	1052
1051	604
1051	1053
1051	173
1052	1053
1052	173
1054	1055
1056	1057
1056	1058
1056	1059
1057	1058
45	34
45	43
45	44
45	48
34	43
1060	1061
1062	869
1062	1063
1064	1065
1066	1065
1067	1068
1067	160
1069	1068
1070	117
1070	763
1070	420
1070	26
344	117
344	1071
122	117
122	12
122	1072
1073	1074
1075	1076
1076	715
1077	1076
105	1076
105	1078
1079	1076
1079	1078
1079	1080
100	1081
100	712
1082	100
1082	1083
1082	1084
1082	991
1085	100
1085	1086
1083	100
1083	1087
1083	991
1083	105
1086	100
1088	100
1088	105
1089	100
87	100
87	102
1090	1091
1090	1092
1091	1031
1093	1091
1093	1092
1094	1095
1096	1095
1096	1097
1096	1098
1099	1100
1099	1101
1100	974
1102	1103
1103	711
674	26
674	486
674	29
1104	674
1104	24
1104	1105
1104	26
1104	28
1104	486
1104	29
1104	682
1104	915
1106	1107
1106	1108
1106	1109
1110	1107
1110	1108
1110	1109
1111	1107
1111	1112
1113	1022
1114	1115
1116	12
1116	522
1116	215
12	1072
1117	12
1117	763
1117	766
1117	42
1117	47
1117	340
763	12
763	42
763	47
555	12
523	12
523	522
1118	12
1118	1117
1118	519
1118	42
341	12
341	122
341	47
1119	1120
1121	1122
1122	915
1123	1124
1123	650
1123	1125
1123	1126
1123	1016
1127	1124
1127	1128
1127	1126
1129	1124
1129	1126
1129	1016
1130	1131
334	36
334	47
334	50
1132	334
1132	25
1132	26
1132	122
1132	911
1133	334
1133	474
1133	53
1133	1134
1133	1135
1133	340
1134	334
1134	53
1134	340
1135	334
1135	474
1135	53
1135	1136
1135	340
1137	334
1137	474
1138	1139
1138	1140
1138	1141
1142	1139
1142	1143
1142	1144
1145	1146
1145	657
657	1146
1147	1148
1147	1149
1148	1149
1150	1148
1150	1147
1150	974
1151	1152
1151	1153
1151	1154
1152	1153
1152	1154
1155	1156
1155	35
1155	49
1157	1156
1157	35
1157	1158
1157	1159
1157	49
1160	599
1160	1161
636	635
1162	1163
1162	1164
1163	1162
1163	1164
1165	1166
1167	406
1167	428
1168	406
1169	406
1170	406
1171	406
1171	1172
331	1173
331	328
1173	328
1174	1175
1174	1176
1174	882
1174	883
1175	882
1177	1178
1179	1071
1179	1180
1181	1071
1181	1182
1183	1071
1183	1182
1182	1071
1184	177
1184	1185
1186	1187
1186	1188
1189	1187
1190	1191
1192	1191
1193	372
1193	371
1194	1193
1195	0
1195	1196
1195	896
1195	1197
1195	743
1195	1198
1195	251
1199	0
1200	1201
1200	1202
1200	1203
1200	1204
1201	1205
1201	1206
1207	1201
1207	1202
1207	1208
1207	1204
1209	1210
1211	1212
1211	526
1212	526
1213	1212
1213	525
1214	1215
1214	336
1214	47
1216	1217
1216	1218
1216	49
1217	1219
1218	1217
1218	35
1218	49
1218	1009
1220	1221
1220	1222
1223	1221
1223	1222
1224	1221
1224	1222
1224	15
1225	1221
1225	1222
1226	1227
1226	372
1226	371
1227	1228
1229	1230
1229	1127
1229	381
1230	1231
1232	1233
1232	1234
1232	1235
1232	1236
1235	1233
1235	1236
1235	1237
1238	1239
1238	1240
1025	7
1025	9
1025	1241
9	1025
9	1026
9	6
9	1241
1242	1025
1242	1026
1242	1023
1243	1244
1243	482
1245	1246
1245	1247
1246	1248
1249	1246
1249	1247
1249	377
1249	1016
1249	381
1249	1250
1249	1251
249	1252
249	816
249	1253
1254	1255
1254	1256
723	482
1257	1258
1257	420
1257	26
1257	1259
1257	478
1260	1261
1262	1261
1263	1264
1263	1265
1263	1266
1263	1267
1264	1267
1206	1205
1268	1004
1268	1005
1269	1270
1271	625
1271	1272
1272	625
1272	547
1273	1274
1275	1276
1277	1278
1277	1279
1280	583
1280	589
1281	1282
1281	1283
1281	1284
1281	1285
1281	455
1281	1286
1282	3
1287	1288
1287	1289
758	1290
758	1291
1290	122
1292	1290
1293	1290
1293	1292
1293	388
1294	1295
1294	1296
1295	1297
1298	1299
1298	1300
1298	1301
1302	1303
1303	1302
1007	1304
1007	182
1007	743
1007	1198
1304	182
1304	743
1304	1198
1304	1007
678	495
1305	495
1305	26
1305	478
1305	559
1305	29
1306	643
1306	42
644	643
1307	1308
1309	936
1309	1310
1309	938
936	1311
1312	936
1312	1313
1312	938
1314	1030
1315	1030
1316	1030
1317	1030
1318	1319
1320	1321
1320	978
1320	1322
1321	1323
1321	1324
1325	1326
1325	1327
1325	691
1328	1329
1328	1330
1331	1329
1331	1332
1333	1329
1334	1329
1334	1332
1335	1336
1335	1337
1338	1339
1338	1340
1338	1341
1338	172
1338	173
1339	1340
586	587
1342	586
1343	586
1344	683
1344	1345
1291	758
1291	351
1346	1347
1346	1348
1347	1348
1349	1347
1349	1346
1349	1348
1350	542
1350	543
1351	542
1351	1352
1351	543
1351	639
1351	640
1353	542
1353	543
1354	84
1354	104
1354	1036
1354	1355
1354	87
1356	1357
1356	790
1356	793
1356	1358
1357	790
1357	793
1352	1359
1352	640
102	106
790	816
790	792
790	455
1360	790
1360	792
1360	1283
1360	793
1361	1362
1362	1127
1362	1229
1362	1363
1362	1128
1364	1365
1365	160
1366	1367
1366	1368
1369	788
1369	1370
1369	1371
1372	1373
1373	35
1373	49
1374	1375
1374	1376
1374	1084
1374	1377
1374	1378
1374	1379
147	1374
147	1375
147	1376
147	1084
147	1377
147	1378
147	1379
1375	1084
1375	1377
1375	1378
1375	1379
1380	1381
1381	1380
1382	823
1382	351
1383	410
1383	40
1383	1384
1383	1385
979	410
979	1386
979	980
1387	410
1387	1388
1387	1389
1387	1390
1391	1392
1392	1393
1392	257
1392	1394
1395	1396
1397	141
1397	1398
1397	1399
528	1087
1400	1401
1401	1402
1401	1403
1404	1405
1404	931
1404	1406
1404	421
1405	25
1405	420
1405	26
1405	478
1405	345
1405	931
1405	421
1407	1408
1407	590
1408	1409
1408	1410
1408	1411
1408	1412
1413	1408
1413	1414
1413	1415
865	1416
865	523
865	1417
1416	865
1418	865
1418	866
1418	106
1419	865
1419	25
1419	669
1419	497
1420	1421
1420	1422
1420	689
408	43
1423	408
1423	148
7	1241
10	7
10	9
10	1241
1424	1325
1424	1327
1424	1425
1424	1426
1427	1428
1136	335
1136	652
1429	1430
1431	1432
1431	1433
1431	1434
1435	1436
1435	39
1435	1437
1438	1436
1438	39
1438	1437
1439	1436
1439	39
1439	1437
336	42
1440	336
1440	1441
1440	1442
1440	1443
1440	337
1440	47
1440	637
1440	162
1440	638
1440	1444
1445	404
1445	1446
1445	1447
1445	405
1445	1448
1445	1449
1450	404
1447	404
1447	3
1447	1450
1447	1385
1451	404
1451	1446
1451	1448
1452	614
1452	24
1452	1398
1452	28
27	614
27	491
1072	614
1453	614
1453	535
1453	1454
1453	1455
1453	31
1456	614
1456	25
1456	26
1456	497
1456	486
30	614
30	27
30	497
30	29
30	31
30	611
1457	614
1457	1458
611	614
611	28
611	497
611	29
611	30
611	31
1010	614
1010	24
1010	26
1010	28
1010	491
1010	497
1010	29
1010	30
1010	31
1010	616
1010	611
1459	1460
1459	1461
1459	1462
1463	1464
1463	1465
1463	1466
1464	1465
1464	1466
1464	1467
1468	1469
1470	1471
1470	795
1472	1473
1472	1474
1472	1475
1472	1476
1477	1478
1477	1479
1480	1478
1480	1479
233	1481
1026	1241
1482	245
1482	250
1001	170
1001	172
1483	77
1483	1484
1483	75
76	77
76	78
1485	265
1485	248
1486	1487
1486	1488
1489	1490
1489	792
1489	15
1491	1492
1491	1493
1492	955
1494	1495
1496	1495
1497	1495
1497	816
1497	1498
1499	324
1499	1236
1500	1501
1500	146
1501	146
1501	590
1502	35
1502	1503
1502	49
1504	1505
1505	1506
1507	1505
1507	1506
158	301
1508	158
700	698
700	1509
700	697
700	608
700	1510
700	702
700	1511
1512	1513
1514	1515
1514	1109
1516	1517
1516	1518
1516	1041
1516	1519
1520	1517
1520	1521
1520	800
1520	1041
1520	15
1520	1522
1520	1523
1524	1525
1524	1526
1524	381
1524	1249
1527	1528
1529	1528
1529	1530
1529	1531
1529	1532
1533	1528
1534	1117
1534	519
1534	42
978	1117
978	25
978	420
978	26
978	1535
978	764
978	1536
978	1443
978	50
1537	1538
1537	1539
1484	75
522	1540
522	122
1541	522
1541	519
1541	42
1541	508
1541	915
1542	522
1542	1540
1542	217
1543	522
1544	522
1545	522
1546	522
1546	1544
1546	1545
977	522
977	42
977	1547
662	522
662	50
1548	522
1548	523
1549	522
1549	182
1550	1196
1551	1552
1553	550
1553	551
1553	553
1553	554
1553	415
1554	550
1554	554
1554	27
1554	768
1554	1555
1556	550
1556	25
1556	554
1556	415
1556	915
415	550
415	554
415	1557
415	915
634	550
1558	36
1558	668
1558	50
50	36
663	36
663	50
1559	1560
1561	1560
1561	1559
1561	1562
1563	72
1564	72
1565	1566
1565	1567
559	496
1568	1569
1568	80
1569	1570
1571	1572
1571	1573
1574	1572
1574	1575
1573	1572
14	1576
14	784
14	1006
14	182
14	785
675	763
675	42
1577	763
1577	551
1577	553
340	763
1578	1579
1578	1580
1578	1581
1578	516
1582	1579
1582	1578
1583	159
170	173
1584	170
1584	182
1053	170
1053	172
615	24
615	28
615	30
615	31
615	611
615	1010
551	42
1585	551
1585	553
1586	551
1586	553
1586	1587
1586	1588
1589	551
1589	553
1589	1590
1590	551
1590	553
1587	551
1587	553
1587	915
1588	551
1588	553
1588	1587
1591	999
1591	1185
1592	999
1592	1593
1185	999
1594	999
1594	1595
1594	1596
1596	999
1597	1598
1597	147
1597	1084
1597	1377
1597	1378
1599	1598
1599	147
1599	590
1599	1600
1599	1601
1379	1598
1379	1602
1379	147
1379	145
1379	1601
1603	1604
1604	1605
1604	657
701	698
701	697
701	608
701	1510
701	702
701	1511
1606	1607
816	1608
816	455
800	1609
269	268
269	266
543	1389
543	1610
543	1611
1612	37
1612	1613
37	40
1614	675
1614	766
1614	767
1614	26
1614	478
1614	765
1614	768
1615	675
1615	25
1615	1616
1615	678
1617	675
1617	1618
768	675
768	25
768	766
768	767
768	26
768	478
1619	675
1619	26
1619	1080
1619	931
1619	913
1619	720
1619	1620
1621	1622
1621	1623
1622	1623
1623	1622
1624	1622
1624	1623
1625	1622
1625	1623
1625	1626
1627	1628
1627	1629
1630	320
1631	1632
1632	1633
534	535
534	28
1634	534
1635	534
1635	1105
1636	534
1637	534
639	534
639	535
1638	534
1639	1640
1639	440
1640	440
1641	1642
1642	1643
1644	1642
1645	1646
1647	1646
1647	978
1647	1648
1647	1322
1649	1650
1409	1651
1409	1412
1652	1409
1652	1651
1653	1409
1653	1654
1602	590
1655	1656
1657	1656
1658	1656
1659	1656
90	698
1660	90
1661	1402
1661	1403
1662	1402
1662	1403
1662	1663
18	16
1664	18
1665	18
1666	25
1666	1667
1668	25
1668	26
1669	25
1669	26
1669	493
345	25
345	420
345	26
345	729
345	156
677	25
677	420
677	26
677	478
1670	25
1670	1671
1670	678
1406	25
1406	1404
1406	421
1672	25
1672	26
1672	911
1672	1673
1672	1674
1672	421
1675	25
1675	922
1675	420
1675	26
1675	29
1675	919
1675	912
1675	913
1675	1676
1675	927
1677	25
1677	1678
1679	25
1680	25
1680	1679
1681	1682
1681	26
1681	1683
1475	1474
1475	1684
1685	895
895	896
896	895
897	895
897	1686
897	896
897	1687
1688	895
1688	1689
1688	15
1688	1690
1688	974
1691	632
632	42
1692	632
1692	633
633	632
1693	632
1694	39
1694	1695
1694	1696
1694	1697
1698	39
1698	898
1699	39
1700	39
1700	1701
1700	977
1700	1702
552	898
1703	552
1703	554
1703	1556
1703	415
1703	416
1704	1705
1706	1705
206	1705
206	866
206	459
1707	1705
1708	1705
1709	1705
1710	1711
1712	1158
1713	1158
1714	1715
1714	1716
1715	1716
1717	1715
1718	519
1718	984
1718	1719
1718	42
1616	519
1616	26
1616	42
1616	1547
1616	912
1720	519
1720	766
1720	42
1720	1721
1720	1722
1720	1723
1724	1725
1197	783
1197	787
1726	715
1727	715
1728	1729
1728	1730
1731	1732
1733	1734
1735	1736
1736	69
1737	1738
1737	1739
1740	901
1741	114
1742	1743
1742	1744
1745	1746
1746	1747
1748	1749
1750	733
1751	1752
1753	1754
1755	922
1755	420
1755	766
1755	921
1755	764
1755	494
1755	1305
1755	29
1755	919
1755	1693
1676	922
1676	420
1676	26
1676	478
1676	919
1676	912
1676	913
1676	927
1756	922
1756	420
1756	919
1756	912
1756	913
1756	1676
1757	485
1757	680
1757	718
1758	1759
1758	1760
85	1761
1762	698
1763	698
1763	608
1764	698
1765	698
1509	698
1509	697
1509	608
1509	609
1766	698
1766	608
1767	698
1767	1768
608	698
608	1769
1769	698
91	698
702	698
702	697
702	608
702	1510
702	1511
1511	698
1511	697
1511	608
1511	1510
1770	698
1771	698
228	698
1772	698
1773	698
1774	1775
1774	1776
1774	1777
1775	1778
1768	40
1437	40
1437	951
1437	1613
1779	1780
1780	40
1780	951
1780	1778
1780	1613
1780	1781
1782	1783
1784	1785
1786	286
286	281
1787	1788
1787	1789
1787	1790
1787	1791
1787	1792
1787	1793
1794	1788
1794	1791
1794	1793
1795	1796
1795	1797
1796	1798
1799	1623
1800	1801
1800	930
1802	1542
1802	1803
1803	1542
1804	1398
1804	356
1804	217
1805	1398
1805	523
1805	50
1805	1806
1807	1398
1807	523
1807	50
624	1398
1806	1398
1806	523
1808	1809
1808	1810
1808	1811
1810	182
1810	172
1810	1812
1811	182
1811	172
1813	1814
1813	1815
1814	1465
1814	1815
1816	1817
1816	799
1816	1818
1817	799
1819	1820
1820	1821
1820	732
1822	1820
916	26
1823	1824
1825	1826
1827	1828
1827	1829
1827	1830
1827	1831
1827	1832
1828	1149
1833	1580
1833	1834
1580	1581
1835	1580
1835	1836
1835	516
1837	1580
1837	1838
1836	1580
1836	516
1839	1789
1840	1789
1840	1791
1840	1793
1841	1842
1843	379
1843	1844
1843	367
1843	377
1843	381
379	381
380	379
380	381
1845	379
1845	1846
1845	1031
1521	1847
1521	1848
1521	1849
1850	593
1851	1852
1852	1853
1854	1852
1855	1856
1855	1857
1855	1858
1855	1859
312	1860
312	1861
1862	8
1862	1863
8	6
1864	8
1865	8
1267	1866
1267	1265
1267	1531
1267	1867
1868	1869
1870	1871
1376	1084
1376	1377
1376	1378
1376	1379
1377	147
1341	172
1341	1872
171	173
1873	171
172	171
172	182
172	173
1266	171
1266	602
1872	171
1872	172
1874	1875
1874	792
1875	1041
1876	1877
1878	1595
930	478
930	421
1879	1880
1881	1880
1881	1228
1882	1879
1883	1234
1884	1885
1884	1886
1884	1887
1884	1888
1885	1886
1885	1887
1889	1885
1889	1887
553	42
1890	1891
1892	604
1265	604
1265	1248
1893	1894
1895	1894
564	563
1896	1897
1896	1281
1898	1897
1899	1900
1901	1902
1903	1902
1904	1902
1905	1902
1906	1905
1907	1908
1909	1910
1911	1912
1913	1914
1915	1914
1915	252
1916	1917
1916	1543
1918	1919
1920	1921
1920	809
1920	1922
1920	811
1920	810
1920	1923
1924	1925
1924	590
1925	1654
1926	1927
1928	984
1929	984
1929	1930
1929	982
1929	1931
1929	1932
1930	1719
53	1933
53	48
1934	1935
535	28
1936	535
1937	535
1938	535
1454	535
1454	28
1939	535
1128	1127
1128	257
1526	1127
1526	1016
1526	1250
1410	182
1410	1863
1940	1410
1940	1941
1940	1600
1818	1410
1818	1942
1943	1944
1943	840
1944	1945
1944	840
1946	1944
1946	840
1946	792
1945	840
1947	1945
1947	840
986	1948
986	985
986	810
1948	810
1949	1454
681	1105
681	497
681	486
1950	1105
1950	497
1950	486
1950	29
1951	1599
1951	1941
1951	1600
1951	1863
1951	1601
1952	1953
1952	1837
1952	547
1953	811
1954	1955
1956	1957
1087	1539
1087	840
840	1539
1958	840
1958	1959
1958	1960
1959	840
1959	1961
1961	1958
1961	1959
1962	1961
1963	1964
1965	1966
1966	1608
1966	455
1967	26
1967	1968
420	478
1969	420
1969	26
1969	679
1970	420
1970	26
1970	478
1970	911
1970	678
1970	1679
1971	420
1971	26
1971	478
1971	911
1971	678
1971	1679
1972	420
1972	26
1972	478
1972	911
1972	678
1972	1679
1797	420
1797	478
1797	421
1797	915
911	420
911	26
911	478
911	1679
764	420
764	26
764	478
759	420
759	26
1671	420
1671	26
1671	478
1671	911
1671	764
1973	420
1973	26
498	420
498	26
498	1974
498	486
498	29
498	421
1975	420
1975	26
1975	911
1975	931
1975	913
1975	920
1975	1976
919	420
1977	420
1977	26
1977	919
1977	912
1978	420
1978	478
1978	911
1978	1679
1979	859
1979	860
1980	602
1981	1982
1981	1983
1689	1984
1985	301
1986	301
1164	1162
1987	1829
1987	372
1988	1989
1112	1990
1990	1991
1992	1991
1993	1991
1993	1994
1995	1991
1996	1442
1996	162
1997	766
1997	668
767	766
767	1998
1722	766
1722	1723
1999	2000
2001	1737
2001	2002
1036	526
1036	1037
2003	2004
2003	2005
2003	2006
111	104
111	823
111	390
2007	2008
2008	2007
814	740
814	2009
814	2010
2011	740
2011	2012
2011	2013
2011	2014
2015	2016
2015	2017
2018	2016
2018	2019
2020	2016
2021	964
2022	2023
2024	2025
2026	2027
2027	2026
2028	2026
2029	2030
2031	952
2032	3
1667	3
1667	5
1667	431
2033	3
2033	2034
2035	1508
2035	1059
2035	2036
2037	2038
2037	1034
2037	2039
2038	1034
2040	2038
2039	1034
2039	2040
2041	2042
247	246
247	249
247	252
2043	247
2043	249
2043	2044
2043	250
2043	2045
2043	252
263	248
2046	248
2047	2048
2049	2050
2051	2050
2051	1253
2051	257
2051	1149
2052	2050
2053	1253
2053	2054
1253	2055
2056	1253
2056	2055
2057	1253
2057	1414
2058	1253
2059	1253
2059	1815
2054	1253
2060	26
2060	497
2060	1322
2060	915
26	421
2061	26
2061	2062
2063	26
2064	26
2064	2065
2066	26
2066	29
2067	26
2067	2068
2067	1680
2069	26
2069	493
2070	26
2070	29
2071	26
2071	29
2072	26
2072	2073
2074	26
2074	478
2074	2075
2076	26
2076	2077
2078	26
2079	26
2079	2077
2080	26
2080	2077
2081	26
1259	26
1259	421
957	26
957	478
1080	26
2068	26
2068	486
2068	1680
2082	26
2082	1534
2083	26
2083	2002
2084	26
2084	1169
931	26
2065	26
486	26
682	26
682	486
682	29
2085	26
2085	478
2085	911
2086	26
2086	923
2086	978
2086	2087
2088	26
2088	661
2088	662
2088	2089
2090	26
2090	898
913	26
920	26
920	931
421	26
2091	26
2091	2092
1355	26
1355	104
2093	26
2093	29
2094	26
2095	1259
2095	911
2096	520
2096	1654
2097	2098
2099	2098
2100	2101
2102	2103
2104	2105
2106	2107
2106	2108
2106	1551
2107	2108
2107	1530
2107	173
2109	2107
2109	2108
2109	2110
2109	1529
2109	1530
2108	1529
2108	1530
2108	1532
2110	1529
2110	800
2111	2109
2111	1167
2112	521
2112	509
2113	75
2114	75
2115	2116
2115	172
2115	251
2116	251
2117	2118
2117	2119
2120	799
2121	799
2121	2122
2123	799
2123	800
2123	1041
2124	799
2124	2125
2124	1041
2126	799
2126	2127
2128	2129
2130	2131
2132	2133
2132	2134
2133	931
2134	2133
2135	792
2135	452
2135	2136
2137	792
2138	792
2138	2139
2138	455
1415	792
1415	800
1415	1041
1283	455
2140	2141
2142	1658
2143	27
2143	2144
1084	590
2145	1084
2145	1377
2145	1378
2145	1379
2146	1084
2146	836
2147	2148
2149	2150
1535	2151
2152	40
2152	1613
951	40
951	1613
2153	40
1613	40
207	211
2154	1403
2155	1403
2156	2157
2156	1386
2157	1386
1446	1448
2158	2159
2158	2160
1790	994
2161	1790
2162	1578
2162	1582
2163	2164
996	1834
1048	263
1048	251
1048	1050
2165	2166
2167	2166
912	478
2168	478
2168	415
2168	29
2169	478
2169	764
2170	104
2170	384
2170	389
2171	104
2171	389
2171	86
2172	104
2172	823
2172	2173
2174	104
2174	1036
2174	1355
2175	2176
2176	2177
2178	2176
2179	148
2180	148
2181	2182
2183	1654
823	390
2184	823
2185	823
2185	390
2186	823
2186	2187
2188	2189
2188	854
2188	2190
2188	2191
2189	2190
2192	2189
2192	854
2192	2190
2192	2191
2193	898
2193	1998
2193	2194
2195	898
2194	898
2194	1998
2196	898
2197	898
2198	2199
2200	2201
1228	2202
384	389
389	384
2203	1080
2204	1080
2204	920
2205	1080
937	2206
2207	2208
2207	209
2207	1021
1358	2209
668	2210
668	50
2211	2210
2211	50
2212	1309
2212	2213
2214	1310
2215	2216
2217	380
2218	327
2218	655
2219	327
2219	2220
2219	328
2219	2221
2219	330
2222	2223
2224	2223
2225	2226
2227	122
2227	121
144	143
144	1562
145	143
145	146
2228	2229
2228	546
2230	2229
2231	2232
1547	42
729	42
729	2233
47	42
452	455
2234	669
669	523
669	50
2235	2236
2237	2236
2237	2238
2238	2236
2239	2240
2239	2241
2240	2239
2242	2243
2244	2243
2245	2246
2245	987
2245	48
2246	2247
2246	48
2248	2249
2250	1984
257	1984
257	1983
2251	1984
2252	2253
2254	2255
2256	447
2257	1567
2258	1567
2259	2260
2259	991
2261	1835
2261	1836
2261	516
2262	2263
2262	251
2264	2263
2265	1576
2265	784
2265	785
1576	784
2266	1576
2266	784
2266	2267
2268	784
2268	2153
2268	184
2268	2269
2270	784
2271	784
2272	784
2273	784
2274	784
2275	784
2275	2153
2275	2276
2277	784
2277	1006
2277	2278
2279	784
2279	1006
2279	2275
2280	2281
2280	2282
2283	2284
2283	429
2285	2286
2287	2286
2288	2286
927	2289
927	486
927	919
927	912
927	1998
2290	2291
2290	2292
2290	1551
2290	1426
2293	2294
2125	1370
2125	800
1370	1042
2295	1101
1101	800
1101	1041
1101	974
2296	1101
2297	1101
2297	1371
2298	1101
2298	1041
2299	1101
2299	2300
2301	1101
2301	2302
2301	15
2301	2303
2301	1149
2301	1042
2301	974
2301	2304
1042	1101
1042	800
1042	1041
1042	1371
1042	1099
2136	1393
2305	2306
2307	2308
2309	2310
2311	1465
2311	1815
2312	1465
2312	1467
1466	1465
1467	1465
2313	2314
2315	43
2316	1048
2316	1358
2317	1048
2317	251
2317	1050
2317	568
2318	1048
2318	1516
2319	1048
2319	251
2320	2082
2320	1855
2122	251
2122	1863
2321	2122
2322	1027
2323	2324
2323	2325
2326	1390
2326	2327
2328	2329
2330	1728
2330	2331
2332	2333
1411	251
497	1974
497	28
2334	724
2334	2241
2334	654
2334	915
2334	482
724	482
2335	985
2336	2337
2338	2339
2340	2341
2340	2342
2340	2343
2341	2342
2344	2345
2346	2347
2347	915
2348	318
2349	318
1422	1426
2350	759
2351	2352
872	2353
2354	1906
2354	467
2355	2356
2357	945
2139	2358
2359	2360
2359	1834
2361	1285
2361	2362
2361	743
2363	1285
2364	2365
1059	829
2366	775
2366	776
776	775
2367	2368
2368	2367
2369	2184
2370	2371
2371	1363
2372	2373
2372	2374
1831	2373
2375	2376
2377	558
2378	2379
2378	390
2380	2379
2381	2382
2382	281
2383	188
2384	2385
2384	375
2386	2387
2386	547
1536	523
2388	508
2389	508
2389	153
2390	2391
2392	2393
2392	309
2394	2395
2396	2397
2398	2399
2400	2401
2400	2402
2403	753
2403	1363
2403	751
754	753
2404	2405
2406	2407
2406	2408
2409	1300
1300	650
2410	454
454	251
2362	454
2411	2412
680	678
680	681
680	497
680	486
480	479
2413	313
2413	395
2414	771
2414	1605
771	1605
771	657
2415	771
2416	771
2416	1605
1605	771
772	771
2417	1605
2418	2419
2420	2421
2420	2422
531	1378
2402	2423
2402	2424
2425	1443
2425	340
2425	2151
2425	2426
2425	50
2427	1443
2427	2428
2429	1443
2429	53
2429	340
1444	1443
1444	50
1444	663
1399	491
1012	491
2430	729
2430	2233
2431	729
2431	725
2432	2433
2434	2435
2436	991
992	991
2437	2438
2439	2127
2440	2127
2441	2127
2441	251
2441	2442
1702	977
1702	970
1702	2443
2444	2445
2444	2446
2447	2448
2449	818
697	608
697	1769
1510	697
1510	608
1510	702
2450	679
2450	681
2450	2451
2450	486
679	497
679	486
2452	680
2452	681
2452	1950
2452	497
2452	46
2452	486
2453	814
2454	2455
2456	2455
2457	2458
2458	1248
2459	2458
2459	1006
2460	2461
2460	2462
2463	2461
337	47
2464	2353
2465	565
2466	2467
2468	2469
244	1006
244	251
1791	516
2470	1886
2470	1888
1888	1886
2471	1886
2472	2473
93	608
93	1773
2474	93
2474	608
2474	1773
2475	2476
2475	182
2475	2477
2475	743
2478	2479
2480	2481
2480	2077
2482	2481
2483	2484
2485	2484
2485	2486
2487	2484
2487	811
2488	2489
1359	2489
2490	2491
2492	2493
2494	2495
2496	1892
2497	2498
2498	2499
2500	2498
2500	2499
2501	2502
2501	251
2502	251
2502	173
2503	2502
2503	251
390	216
2504	2505
2506	2507
2508	2507
2508	2506
2509	2507
2510	2511
2512	2513
2514	2515
2514	2516
2517	2515
2518	2515
2519	2520
2521	2520
2522	2020
2523	2020
466	1412
466	1812
2524	2032
2524	405
2525	2526
2527	2528
2529	2530
2531	2532
2533	2534
2535	2536
2537	2538
2539	2540
2540	2539
2541	2542
2541	1913
2542	1913
2543	931
2544	931
2545	931
2546	2547
2548	1377
2549	2550
2551	2550
2552	2553
2552	1031
2554	368
2554	2555
2556	2557
2558	2559
1830	1363
1830	1831
2560	1363
2560	1016
2561	1188
2562	1188
2562	2563
2564	1188
2565	1188
2563	1188
2267	2278
2267	785
2566	1006
2567	590
2567	2568
2569	2570
31	497
31	29
2571	497
2572	497
616	497
616	31
616	611
616	1010
2573	1104
2574	1104
2574	915
2574	482
2575	2576
2577	2578
2579	2578
1289	1287
1289	1836
2580	2581
803	800
804	803
804	802
804	805
804	806
2582	806
2583	2584
2585	2586
1600	1601
2587	800
2587	974
1394	800
1394	1041
1394	251
1394	1863
1394	1042
1394	974
2588	800
2304	800
2304	974
2589	1058
1058	2590
2590	1058
2590	2591
2592	2590
2592	2593
2594	2595
2594	2596
2597	1313
2598	1313
2599	2600
2600	237
2601	2600
2602	2603
2591	2603
2604	2591
2605	2606
2606	2605
2607	2608
2609	2608
609	608
609	1769
2610	91
2611	1583
2612	2613
2613	2614
955	182
1493	955
182	184
2615	182
2616	182
2616	2477
2616	743
2617	182
2617	2477
2617	743
743	182
743	251
743	1863
2618	182
2619	182
2620	182
2620	851
630	418
338	46
338	47
2621	46
2621	626
2622	2623
2622	2624
2624	2623
2624	15
70	69
2625	1485
2626	2627
2627	2626
1678	2292
1976	70
1976	71
2628	1779
2629	2630
2630	2631
1172	1171
2632	2633
2634	2635
2634	2636
2637	2635
2637	2636
1859	1857
1859	1858
2638	1858
250	252
2639	250
2639	1498
1498	250
2640	2641
2642	2643
1203	1202
2644	2645
2644	2646
2644	2647
2644	2648
2644	2649
2650	2645
2650	2647
2650	2648
2614	1154
2651	1154
2651	2614
2652	1154
2653	2654
2653	1371
2654	2302
2302	184
2655	266
2656	266
2657	266
2658	2659
2660	2661
2661	2662
223	2663
223	2664
223	309
2665	1041
794	1041
2666	1041
2666	172
2666	2667
2666	2668
2666	2669
2666	2670
974	1041
974	794
2671	794
2671	1149
2671	974
2672	172
2673	172
2674	172
2674	2675
2676	172
2677	172
2677	2678
2678	172
2276	184
2679	184
2679	1960
2680	2681
2681	2682
2683	2682
2684	661
2684	2088
2684	662
2685	2686
2685	2687
2686	2687
2688	2689
2690	2691
2692	2693
2694	2233
2631	2695
2695	2696
2697	1327
1838	1837
2698	1837
2698	1838
2699	754
2700	754
2701	978
2702	978
2703	2672
2704	2672
2705	2052
844	209
1020	209
1020	844
210	209
210	844
2706	844
2706	20
2707	2708
2709	2710
2711	2712
2713	120
2714	2715
2714	412
2715	412
2716	1684
2717	2718
2719	1939
2720	15
2721	15
2721	743
2721	251
2722	2723
2722	2724
2723	2724
2725	2726
2727	2728
1092	257
2729	2451
2730	2451
2731	412
2732	412
2733	412
2734	2733
2734	2735
2736	2737
232	2738
232	546
2739	2740
2739	2741
2740	232
2742	672
2743	486
720	29
2744	2745
2744	2746
2747	2748
2749	2750
2749	1448
2751	2750
2752	2750
2752	1448
2753	2754
2755	2754
2756	515
2757	515
2758	515
2758	850
2758	2620
2758	851
2759	2760
2759	2761
2761	2760
2762	2760
2763	2764
2763	2765
1673	1674
1673	421
2766	1672
2767	2768
2769	2770
2769	2771
2772	2773
2774	2773
2775	1231
2775	2776
2777	2778
2779	2780
2781	2782
2783	2784
2303	1039
2303	251
2785	2786
2787	2788
2787	772
2789	2790
1176	882
2791	2792
2791	2793
2793	2792
2794	882
2794	2795
2796	882
2797	882
2798	882
2799	882
2800	882
2795	882
2801	883
2802	1832
2802	2803
2804	1832
2804	2803
2668	2666
2805	2806
2807	2808
2741	2809
2741	2810
2741	1031
2809	1125
2811	2555
2812	2555
2813	2555
2814	2815
2816	1770
2817	2818
2819	2820
2821	1503
2821	1502
1847	1522
1847	1849
1847	251
1847	2822
1522	1849
1522	251
2823	2824
2825	2823
2826	2823
2827	2828
2829	2828
2829	2830
2831	2832
2831	2833
2831	2705
2833	2832
2833	2705
2834	2832
2834	2705
1208	1204
1848	1849
1849	20
509	153
1523	251
2835	2358
2836	2837
2838	2839
2838	2840
2838	2647
2838	2648
2838	2649
2841	1792
2842	1792
2842	1834
2843	2844
2173	1037
2845	1037
2845	1741
2846	1140
2846	2571
2847	1140
2848	2849
2850	2849
2851	2849
2852	2849
2853	2849
2853	2854
1730	547
2855	2856
2857	2858
2859	2860
2861	1248
1531	1248
1247	1248
2862	2863
2864	2863
2865	257
2866	257
2867	257
2868	257
2868	2869
2870	2871
2872	471
2873	471
2874	2875
2876	2877
704	2257
2878	704
2879	704
2880	2881
2882	2883
2884	2882
2884	2885
2884	2886
2887	2885
2886	251
2888	1998
2889	1998
2890	1998
2891	2892
2891	1384
2893	2891
2893	2894
2895	2896
2895	2897
1414	455
2898	1414
2898	455
2899	188
670	662
670	663
2900	2119
2901	811
2902	811
2903	2904
2905	2443
2905	2087
2443	50
2906	2907
2908	2909
2910	373
2911	1448
2912	1448
2913	2914
2914	217
2915	363
2916	2917
355	352
355	615
2918	2919
2920	1386
2921	2694
2922	2923
2924	179
2925	179
2926	179
2927	2928
2927	2929
2930	2928
2931	2928
2931	2929
2929	2928
2932	2928
2933	2929
1149	251
2934	545
2935	2936
2937	2938
2937	369
2938	2939
2940	1562
2940	377
2940	2941
2940	1031
2940	381
2941	1562
2941	377
2941	1031
2941	381
2942	2943
2944	2943
2945	1180
2946	2947
2948	2949
2948	2950
2949	2950
2951	2952
1330	2953
2954	2810
2954	2955
2955	2810
2956	2499
2957	421
2958	2959
2960	1461
2960	253
2960	1415
2961	510
2962	2963
2962	2964
2963	2964
2964	2965
429	1385
1385	429
2966	2967
2966	2968
2969	743
1198	743
1198	251
1198	1863
2970	743
2971	370
1983	370
1983	381
2972	2973
2974	2975
547	2976
2977	547
2977	2978
2979	547
2979	1031
2980	547
2981	547
2982	547
2983	547
2984	547
2985	547
626	547
2986	547
2987	547
2987	1031
2987	2988
2987	2986
2894	1384
2989	2894
2990	2894
2991	2992
2993	2992
2993	2991
2994	2992
2994	2991
2995	398
2996	2997
2996	1031
2998	455
2999	455
2999	251
2999	1042
3000	455
1476	369
3001	3002
3001	3003
3004	1867
2647	2648
2647	2649
2649	2648
3005	3006
3005	3007
3008	2890
3009	1747
3010	2331
3010	2955
3011	3012
786	2276
2675	2676
3013	2724
3014	2724
3015	3016
1863	1412
1812	1412
3017	251
3018	251
3019	251
3020	251
3021	251
3022	251
3022	3023
3024	251
3025	251
3026	251
3027	251
3028	251
3029	251
3030	251
3031	251
3032	251
3033	251
3034	251
3034	3035
3023	251
3036	251
3036	1863
3037	251
3037	1863
851	251
1601	1863
3038	3039
3039	1859
3040	1433
3040	1434
3041	1433
3042	1069
3043	2677
1555	3044
3045	1983
3045	1031
3046	1781
1834	516
3047	732
3048	2442
2442	3049
3050	1742
3051	3052
2247	48
2247	830
2247	3053
3054	3055
3054	3056
3054	3057
3058	3055
3059	3055
3059	3056
3059	3057
3056	3055
3060	3049
3061	3049
1793	3049
3062	830
3063	830
3053	830
3064	3065
3066	3065
3067	772
1575	639
3068	3069
3070	3071
3072	609
3073	609
3074	3075
3076	2899
3077	2258
1098	3078
1098	1097
1098	1096
3078	1097
3078	1094
3078	1096
3078	1098
3078	66
3079	3078
3080	1648
3081	3082
3083	2868
3083	2869
3084	3085
1777	3086
1776	1777
1009	49
1016	381
3087	1016
1250	1016
1250	3087
3088	1881
3088	3089
2014	2013
3090	3091
3090	3092
3091	3092
3093	3091
3093	3094
3093	3092
3094	3091
3094	3092
3095	3096
3097	3098
3099	3098
3100	2649
3101	3102
3103	2151
3104	745
3104	2618
3105	3106
3107	3108
1932	810
3007	3109
3110	3111
3112	71
3112	1976
3113	3114
3115	1532
3116	3117
3118	3119
3118	3120
3120	3119
3121	3120
3122	3123
3124	3123
3125	3126
3127	3128
3127	3129
3130	3131
3130	2191
3132	3131
3133	2741
3133	1031
3134	1031
381	1031
3135	3136
3137	596
3137	3138
1923	3139
1923	2776
3089	3139
3140	1379
3141	2457
3142	3143
3144	1332
3145	1331
3146	3147
3148	3149
3150	2594
3151	3103
3152	3153
3154	369
3155	663
3156	657
3157	3158
3159	3157
3160	3161
3160	3162
3163	3160
3164	3165
3166	2978
3167	2572
3168	3169
3168	2906
3170	3171
2670	2059
3172	3173
3174	2662
3175	2662
3176	2662
3176	3177
3178	3179
1050	568
1050	3180
973	974
3181	971
3182	3183
3184	3185
3186	2251
3187	2251
3188	425
3189	3190
3191	3192
3193	3194
3195	974
3196	3197
3198	3197
3198	3196
3199	3200
3201	3200
3202	3203
3204	1449
3204	3205
3206	3207
3206	3208
3206	2075
2075	3207
3209	3129
3210	3211
3212	1773
3213	1773
3214	2390
3215	2390
3216	2390
3217	3218
3219	3220
431	2089
3221	2652
3222	3223
3224	2968
3225	3226
3227	3228
3229	1426
3230	1426
3231	3232
3233	3234
3235	1042
3236	1042
3237	1394
3237	3238
3237	2620
3239	974
3240	953
3241	1272
3242	3243
3244	3245
3246	3247
3248	3249
3250	3251
3252	3251
3253	3254
3255	3256
3257	2192
3257	2191
3258	3259
3260	3261
3262	835
3263	2987
